Sample	Heading_date(days)|Hainan|2010	Plant_height(cm)|Hainan|2010	Peduncle_length(cm)|Hainan|2010	Panicle_length_per_main_stem(mm)|Hainan|2010	Bristle_length(mm)|Hainan|2010	Diameter_of_main_stem(cm)|Hainan|2010	Panicle_diameter(mm)|Hainan|2010	Stem_node_number|Hainan|2010	Tiller_number|Hainan|2010	Branch_number_per_plant|Hainan|2010	Number_of_total_panicles_per_plant|Hainan|2010	Leaf_sheath_color|Hainan|2010	Leaf_pulvinus_color|Hainan|2010	Bristle_color|Hainan|2010	Weight_per_panicle(g)|Hainan|2010	Grain_weight(g)|Hainan|2010	Panicle_shape|Hainan|2010
WGS0001	25	51.3	23.7	8.1	6	2.47	13.95	5	1	1	3	2	2	2	3.05	2.27	2
WGS0002	25	50.7	24	9.8	6	3.18	13.21	4	0	4	5	4	3	3	3.52	2.58	2
WGS0003	28	69	25.8	12	4	3.97	20.58	6	0	0	1	4	3	2	5.95	4.7	2
WGS0004	28	61.7	29.7	10.8	5	2.55	13.11	5	0	0	1	2	2	2	3.8	2.77	2
WGS0005	34	70	24.8	9.8	3	4.14	16.35	7	1	1	2	4	3	2	5.89	4.42	2
WGS0006	27	43.3	23.7	5.2	3	2.8	13.17	4	1	3	9	2	2	2	1.42	1.04	2
WGS0007	33	63.7	29	10.2	3	3.28	12.23	7	0	2	3	5	3	3	3.25	2.11	3
WGS0008	27	52.3	30.5	6	2.5	5.11	11.43	4	1	3	4	2	2	3	2.23	1.7	2
WGS0009	28	58	31.9	8.7	4	4.92	11.54	5	0	0	1	5	3	3	4.23	3.46	2
WGS0010	34	72.7	26	10	5.5	4.13	13.47	5	0	0	1	5	3	3	5.07	3.99	2
WGS0011	30	49.3	26.3	8.6	4	3.1	16.21	4	1	0	2	4	3	2	4.33	3.21	2
WGS0012	32	72	35	10	4	3.94	15.97	5	1	1	2	5	3	3	4.58	3.75	2
WGS0013	28	45.3	22.3	7.7	3	3.17	10.39	4	2	1	6	5	3	3	2.1	1.42	NA
WGS0014	30	64.5	28	9.7	3	3.38	14.55	6	0	0	1	2	2	2	4.18	3.38	2
WGS0015	28	66	33.3	11.1	5.5	3.28	14.63	5	2	3	5	2	2	2	7.03	5.42	2
WGS0016	28	52	27.3	8.2	5	3.15	10.5	5	2	1	6	4	2	2	2.31	1.79	2
WGS0017	28	38.3	20.3	5.7	4	2	9.42	3	2	2	9	2	2	2	6.68	5.27	2
WGS0018	36	65.3	29.7	12.3	5	4.35	17.07	6	0	1	2	2	2	3	6.68	5.27	2
WGS0019	40	75	28.7	12.2	5	5.06	17.77	8	0	0	1	2	2	2	7.63	5.91	3
WGS0020	33	70.3	30	11.8	4.5	3.97	13.26	6	1	2	2	4	3	2	5.08	3.7	2
WGS0021	36	58.7	23.7	9	NA	4.03	18.2	7	0	0	1	4	3	3	5.49	4.18	2
WGS0022	33	66.7	33.8	9.6	4	3.64	13.82	5	0	0	1	2	2	2	5.35	4.19	2
WGS0023	33	55.3	28.3	10.3	3	3.86	13.7	6	0	0	1	2	2	2	6.69	5.12	2
WGS0024	39	70.7	25.3	11.3	4.5	4.14	17.13	8	1	0	1	3	2	2	7.35	5.26	2
WGS0025	37	72.7	30.3	9.8	2	4.44	17.15	8	0	0	1	4	2	2	6.47	4.55	6
WGS0026	42	70.3	21	16	2	4.05	12.58	6	0	0	1	5	3	3	9.41	7.39	2
WGS0027	31	48.5	21.3	9.2	NA	3.03	17.09	5	0	0	1	2	2	2	4.04	3.05	NA
WGS0028	31	54	24	9.2	NA	4.4	14.36	5	0	0	1	2	2	2	5.72	4.57	2
WGS0029	27	55.3	26	10	2	4.36	14.16	5	2	0	4	4	3	3	3.02	2.36	2
WGS0030	26	47.7	26	8.5	3	3.01	13.08	4	1	1	3	4	3	3	2.92	2.25	2
WGS0031	26	47.8	27.2	9	NA	3.1	11.96	4	0	0	1	4	2	2	4.14	3.17	2
WGS0032	26	43.3	20.3	7.7	4	2.57	11.58	4	2	1	4	4	3	2	2.63	2.03	2
WGS0033	33	63.3	30.3	13.5	3	4.31	15.6	6	0	0	1	5	3	3	7.11	5.8	2
WGS0034	27	43.7	22.7	9.3	2	3.54	14.69	5	0	0	1	5	3	3	3.34	2.63	2
WGS0035	32	39	20.7	10.2	3	2.74	11.85	5	0	0	1	5	3	2	3.94	3.05	6
WGS0036	29	47.7	24.7	9.3	3	3.64	14.45	5	0	0	1	5	3	2	5.55	4.54	6
WGS0037	27	50	26	7.8	4	3.22	9.86	5	1	3	8	5	3	2	2.03	1.68	2
WGS0038	31	56.3	29.3	10.8	1	2.84	15.74	6	0	0	1	2	2	3	5.33	4.04	2
WGS0039	32	70.7	32.3	13	1	3.98	15.28	6	0	0	1	2	2	2	5.84	4.54	2
WGS0040	32	54.7	27	11.8	2.5	3.46	14.67	6	0	0	1	5	3	3	5.39	4.14	2
WGS0041	41	67.7	25.3	13	6	4.58	13.14	7	0	0	1	5	3	3	5.92	4.63	2
WGS0042	30	55.3	23.7	11.5	4	3.89	17.66	6	0	0	1	5	3	2	6.51	5.1	6
WGS0043	34	69.3	35	10.7	3	3.89	14.25	7	0	0	1	5	3	3	5.68	4.37	2
WGS0044	27	47	24.7	6.2	1	2.44	14.12	4	0	1	2	2	2	2	2.01	1.6	2
WGS0045	30	57	30.7	9.2	1	3.73	13.65	5	0	0	1	5	3	2	5.47	4.42	2
WGS0046	32	51	30	8.2	3.5	3.4	14.78	5	0	0	1	5	3	3	3.78	3.01	6
WGS0047	34	46.2	26.2	8	3	3.46	15.88	5	0	0	1	2	2	2	2.15	1.01	3
WGS0048	39	73	30	11.3	3	5.27	17.07	7	0	0	1	2	2	2	8.96	7.05	2
WGS0049	36	69.3	26	11.2	NA	5.23	14.23	7	0	0	1	5	3	3	6.02	4.55	2
WGS0050	39	74	27.7	13	5	5.04	18.85	7	0	0	1	4	2	2	8.47	6.26	2
WGS0051	38	68.7	18.3	10.3	4	4.5	16.85	7	1	0	2	4	3	3	6.88	4.81	3
WGS0052	40	77	25	12.7	1	5.62	17.11	9	0	0	1	2	2	2	11.52	8.82	2
WGS0053	28	63.3	31	9.8	1	4.54	15.3	5	0	0	1	2	2	2	5.91	4.59	3
WGS0054	45	81.3	29	15.5	2	5.48	24.12	8	0	0	1	5	3	3	12.82	9.85	2
WGS0055	34	60.7	21	9	5	3.56	12.76	6	2	0	3	4	3	3	3.38	2.54	2
WGS0056	38	70.3	32	13	5	5.03	15.08	7	1	0	2	3	2	3	7.99	5.64	2
WGS0057	32	66	31	8.8	2	3.1	13.62	5	0	0	1	4	3	3	5.04	3.84	2
WGS0058	37	67	28	11.8	1	4.01	13.9	6	2	0	3	2	2	2	6.61	5.24	2
WGS0059	43	78.3	21	12.8	1	5.25	19.11	8	0	0	1	3	2	2	9.07	6.72	2
WGS0060	37	69.3	28.3	12	2	3.47	17.34	8	1	3	3	2	2	2	6.28	4.92	2
WGS0061	43	78	23	15	1	4.89	20.89	9	0	0	1	2	2	2	9.82	8.01	2
WGS0062	41	71.7	23.7	14	2	5.01	21.7	7	0	0	1	5	3	3	9.08	6.75	2
WGS0063	42	73.3	28.3	13.3	4	4.92	18.47	8	1	0	2	3	2	2	11.25	9.11	2
WGS0064	39	67.3	25.7	12.5	1	4.94	19.24	7	0	0	1	4	3	3	6.85	5.69	2
WGS0065	42	68.7	27	14.2	2	4.35	18.93	7	0	0	1	3	2	2	6.66	5.08	6
WGS0066	37	58.7	24.3	12.3	2	5.49	24.49	7	0	0	1	5	3	3	8.21	6.21	2
WGS0067	32	53	26	10.7	1	4.34	15.01	6	1	1	1	4	3	2	3.77	2.73	2
WGS0068	28	41.7	21	8.5	2	3.15	21.55	5	0	0	1	2	2	2	3.55	2.74	2
WGS0069	37	66.3	23	12.3	1	4.63	17.88	7	0	0	1	4	3	2	7.43	5.89	2
WGS0070	35	64	27	11.7	4	4.07	19.47	7	0	0	1	5	3	3	5.62	2.76	2
WGS0071	36	65.3	21.5	16.8	4	4.33	16.01	7	0	0	1	5	3	3	7.35	5.7	2
WGS0072	32	54	22.7	10.7	1	3.59	16.07	6	0	0	1	5	3	3	6.07	4.91	6
WGS0073	32	70	35	13.8	1	3.86	13.29	5	2	0	3	5	3	3	5.56	4.28	2
WGS0074	36	54	26.7	9.5	5	3.46	12.41	6	0	0	1	5	3	3	3.8	2.81	2
WGS0075	42	65.7	20.7	9.6	1	4.61	17.76	6	1	2	3	5	3	3	6.18	4.61	2
WGS0076	40	60.3	27.7	8.8	1	4.74	14.47	5	0	0	1	2	2	2	5.52	4.49	2
WGS0077	40	60.3	26.7	12.5	1	4.99	23.85	7	0	0	1	2	2	2	9.63	7.45	2
WGS0078	28	54.7	28	8.8	4	3.15	12.24	5	0	0	1	3	3	3	2.93	2.32	2
WGS0079	31	49.7	21.3	10.5	3	3.51	14.86	6	0	0	1	3	2	2	4.18	3.21	2
WGS0080	64	NA	NA	NA	1	6.71	26.29	NA	0	0	1	2	2	2	16.6	12.78	3
WGS0081	43	68.3	23	15	4	4.35	19.44	8	2	0	3	3	2	3	5.73	4.1	2
WGS0082	39	69	29.3	14.5	3	4.9	24.87	7	0	0	1	2	2	2	11.09	8.46	6
WGS0083	50	93	24.3	15.7	4	6.66	32.36	9	0	0	1	2	2	2	18.49	13.86	2
WGS0084	57	83.3	17	13	9	4.68	13.11	9	2	0	3	2	2	2	3.31	2.53	2
WGS0085	28	84.7	40.7	9	1	4.45	14.53	6	0	0	1	5	3	3	3.82	3.15	2
WGS0086	28	61.7	31.7	9.1	5	2.91	12.07	4	1	4	7	5	3	3	2.82	1.93	2
WGS0087	35	69.7	23.2	10.3	1	3.21	16.47	6	0	0	1	3	3	2	6.2	4.09	2
WGS0088	33	66.7	34	11	4	4.56	19.06	5	2	3	7	4	3	3	4.96	3.77	2
WGS0089	31	61.7	31	11	6	3.52	14.38	5	1	3	5	4	3	3	4.29	3.4	2
WGS0090	40	55.3	25	10.8	3	4.04	21.66	6	2	2	4	4	3	3	3.97	2.56	2
WGS0091	44	83.3	23	13.7	1	4.51	24.54	8	0	0	1	2	2	3	7.33	4.55	3
WGS0092	NA	74	24	14.5	1	5.49	22.64	8	0	0	1	5	3	3	8.88	6.95	2
WGS0093	40	101.3	33	16.5	1	5.61	15.81	7	0	0	1	2	2	2	7.11	5.34	2
WGS0094	32	61.3	25.7	11.2	3	3.27	13.63	6	1	4	6	3	2	2	5.62	4.29	3
WGS0095	28	43	22.2	5	1	2.41	10.55	4	1	2	4	5	3	3	1.01	0.81	NA
WGS0096	43	73.3	23.7	14	2	4.77	20.88	8	0	0	1	2	2	2	10.33	8.31	2
WGS0097	27	38.7	23.3	6.5	2	2.94	11.35	4	2	1	4	3	2	2	2.33	1.92	2
WGS0098	34	56	24	10.3	1	2.88	16.36	5	0	0	1	3	3	3	4.69	3.79	2
WGS0099	28	43.7	20.8	10.2	1	4.04	15.49	5	0	0	1	2	2	2	4.41	3.3	2
WGS0100	26	43	19.7	6	2	2.3	11.59	4	2	3	6	5	3	3	1.19	0.95	2
WGS0101	34	62.3	34	9.3	2	3.38	17.17	6	0	0	1	2	2	2	4.98	4.14	2
WGS0102	26	60.7	29.7	7.3	1	2.92	11.7	4	1	2	7	5	3	3	2.52	2.06	2
WGS0103	33	86	36.7	12.8	4	4.18	16.46	7	0	0	1	2	2	2	6.73	4.97	2
WGS0104	28	43	21.3	7	1	3	14.17	5	0	0	1	5	3	3	3.76	3.03	2
WGS0105	30	45	24.3	7.3	3	3.5	13.26	4	0	0	1	3	3	3	2.6	1.89	6
WGS0106	26	45.7	20.7	8.3	1	2.69	14.18	5	0	0	1	3	3	3	3.47	2.72	2
WGS0107	31	54.3	28.7	9.5	2	4.49	16.59	6	0	0	1	2	2	2	5.42	4.46	2
WGS0108	36	63	25	11.3	1	4.06	18.97	6	0	0	1	2	2	2	5.98	4.59	2
WGS0109	31	49.7	23.5	9.8	6	2.55	14.3	5	0	0	1	2	2	2	3.6	2.22	2
WGS0110	29	24.7	18.8	6.3	1	3.43	12.31	4	1	0	2	3	3	2	2.69	2.01	2
WGS0111	28	42.7	22.2	6.5	3	2.29	9.52	4	2	2	4	5	3	2	2.37	2.02	2
WGS0112	32	69	31	9.8	1	3.33	13.27	6	0	0	1	2	2	2	4.68	3.51	2
WGS0113	32	62.7	26	10.7	2	4.62	12.68	7	0	0	1	4	3	3	4.34	3.57	2
WGS0114	73	119.7	27	20.5	3	6.76	15.9	10	0	0	1	2	2	2	8.34	5.77	NA
WGS0115	32	55	32.3	10.3	3	4.42	17.34	5	0	0	1	4	3	2	7.36	5.75	2
WGS0116	28	46.3	25	8.7	1	3.76	13.73	4	0	0	1	2	2	2	4.22	3.28	2
WGS0117	30	51.7	28	12	2	3.65	11.96	4	1	1	3	3	3	3	4.02	3.14	2
WGS0118	28	52.7	24	9.2	2	3.27	12.86	5	0	0	1	5	3	3	3.47	2.05	2
WGS0119	28	56	29	6.2	1	3.15	11.62	4	1	4	5	4	3	2	2.74	2.05	2
WGS0120	28	49.3	29	8	1	3.89	15.3	4	0	0	1	2	2	3	4.9	3.33	2
WGS0121	30	44	20.7	10.3	5	3.49	14.86	4	1	1	2	2	2	2	4.28	3.36	2
WGS0122	29	51	25.7	12.5	5	3.29	14.67	4	1	5	7	5	3	3	2.09	1.62	2
WGS0123	31	49.7	28.7	10	4	3.11	13.56	4	1	1	3	2	2	2	2.6	1.81	2
WGS0124	33	78	31	18	2	5.47	24.85	7	0	0	1	3	3	3	7.38	5.37	NA
WGS0125	31	69	32.7	10.7	1	4.21	18.46	6	0	0	1	3	3	3	6.78	5.55	2
WGS0126	27	53	28.7	9.3	1	3.49	14.34	5	0	0	1	4	3	2	4.02	2.79	2
WGS0127	31	57.7	23	12.5	3	4.17	16.11	6	0	0	1	3	2	2	5.94	4.87	2
WGS0128	44	79.3	25.7	14.7	1	5.96	31.46	8	0	0	1	4	3	3	12.6	9.47	2
WGS0129	33	70	31	10.3	4	4.46	17.47	5	1	0	2	3	3	3	5.35	4.26	2
WGS0130	34	61.7	30.7	11	2	4.69	15.89	6	0	0	1	3	3	2	6.54	5.06	2
WGS0131	34	57	26.3	11.7	1	3.44	18.1	5	0	0	1	5	3	2	6.27	4.54	2
WGS0132	26	45.3	28.7	6.8	1	2.85	12.13	4	0	0	1	5	3	3	2.64	1.93	2
WGS0133	26	54.3	23	7.2	1	2.24	9.07	5	1	1	3	5	3	3	1.44	1.11	2
WGS0134	33	56.3	34.3	7.8	3	4.13	16.35	5	0	0	1	4	3	2	3.1	1.96	2
WGS0135	32	56.8	26.8	11.2	2	3.58	14.31	6	0	0	1	5	3	2	5.53	4.44	NA
WGS0136	32	66.2	34.2	10.3	3.5	3.59	16.83	5	0	2	3	4	3	2	5.44	4.18	2
WGS0137	43	69.7	29.3	13	3	5.3	16.27	8	0	0	1	3	2	2	8.53	6.68	2
WGS0138	NA	64	25.5	13.5	1.5	4.04	18.1	7	0	0	1	2	2	2	7.39	5.91	2
WGS0139	32	59.7	29.8	7.5	2.5	2.62	12.43	5	1	3	2	2	2	2	2.89	2.3	2
WGS0140	26	37.7	23	5.7	3	2.67	10.36	4	2	1	6	2	2	2	1.98	1.57	2
WGS0141	32	56.7	26	9.5	3	3.74	11.96	5	1	1	2	5	3	2	4.67	3.62	2
WGS0142	21	33.7	18.7	4.5	3	1.66	7.87	4	2	3	8	2	2	2	0.55	0.37	2
WGS0143	21	50.3	24.7	9.9	1	4.54	19.27	5	0	0	1	3	3	3	5.32	4	2
WGS0144	32	53.3	27.3	11.2	1.5	2.97	14.46	5	0	0	1	2	2	2	6.22	4.93	2
WGS0145	39	54	23.3	9	1.5	3.6	16.52	7	0	0	1	2	2	3	5.57	4.25	2
WGS0146	28	55.7	26	10.3	2.5	3.17	15.56	6	0	0	1	2	2	3	4.98	3.73	2
WGS0147	32	54	22.7	11.7	4	3.26	14.56	5	0	1	1	5	3	3	5.75	3.79	6
WGS0148	44	76.7	22.7	15.7	2	5.44	22.38	8	0	0	1	5	3	3	11.62	9.29	2
WGS0149	33	59	29.3	10	2	3.6	19.84	5	0	0	1	3	3	3	6.53	5	2
WGS0150	28	45	22	9	1	3.36	16.97	5	0	0	1	5	3	2	5.64	4.25	2
WGS0151	37	68	26	13	4	4.51	15.4	7	0	4	3	3	3	3	5.41	3.71	2
WGS0152	28	37.3	21.7	6	1	2.43	10.21	3	0	1	2	3	3	3	1.67	1.38	2
WGS0153	33	54.3	23	12.3	3	3.78	17.54	6	0	3	3	5	3	3	4.61	3.08	2
WGS0154	31	55.7	28	8	2	2.84	12.65	6	0	0	1	5	3	3	3.33	2.7	2
WGS0155	30	48.7	25.7	11	1	3.72	16.31	5	0	0	1	2	2	2	5.72	4.26	2
WGS0156	28	59	33	7.6	4	3.38	13.89	5	0	0	1	5	3	3	3.57	2.76	2
WGS0157	33	49.7	24.3	12.7	6	4.46	18.55	6	0	0	1	4	3	2	6.41	5.05	2
WGS0158	32	60.3	27	10.5	3	4.34	15.42	6	0	2	1	4	2	2	5.46	4.07	2
WGS0159	40	70.7	30	16	3	4.38	18.87	7	1	0	2	2	2	3	10.63	7.54	2
WGS0160	27	44.3	28	6.7	1	3.25	12.14	4	0	0	1	3	2	2	2.53	1.84	2
WGS0161	30	21.3	9.5	4.1	NA	2.39	12.38	5	3	3	6	3	2	2	1.58	0.99	NA
WGS0162	NA	72.7	29.7	14	7	4.15	18.66	8	0	0	1	4	3	3	5.47	3.05	2
WGS0163	43	84.3	26.7	10	1	4.76	14	6	0	0	1	4	3	3	7.1	5.12	2
WGS0164	41	99.3	26.7	12.3	2	5.72	16.73	8	0	0	1	2	2	2	7.84	5.1	2
WGS0165	56	96	20.7	15.3	10	6.02	16.17	8	3	0	4	4	3	3	7.54	6.02	2
WGS0166	38	81	31.3	14	2.5	4.8	16.61	8	1	0	2	5	3	3	6.41	4.31	2
WGS0167	55	86	26.3	20.7	5	5.57	25.16	10	0	0	1	4	3	3	10.01	7.08	2
WGS0168	41	70.3	26.7	10.7	1	3.39	12.91	7	0	0	1	5	2	2	5.37	4.21	6
WGS0169	49	63.3	23	13.7	4.5	4.14	16.82	7	1	0	2	2	2	2	7.6	5.7	2
WGS0170	42	66.3	24.7	15.2	2.5	5.39	13.81	7	1	0	2	2	2	2	8.87	5.67	6
WGS0171	NA	74.3	27.7	12	1	4.93	19.08	8	0	0	1	3	2	2	8.53	6.56	2
WGS0172	NA	76.7	24.2	14.2	4	5.12	18.12	8	0	0	1	4	3	3	9.45	7.52	2
WGS0173	51	89.3	18.7	13.5	2	5.84	27.13	11	0	0	1	2	2	2	11.43	8.14	2
WGS0174	33	56	27.7	14.2	5	3.52	10.89	5	2	0	3	2	2	2	5.28	4.26	2
WGS0175	49	96	24.7	20.3	3	5.7	25.69	9	1	0	2	2	2	2	11.26	8.61	2
WGS0176	42	67	24.3	11.3	2	7.21	22.72	8	0	0	1	3	2	2	3.53	1.56	2
WGS0177	44	66.3	16.3	16	5	5.6	13.9	7	0	0	1	3	2	2	3.53	1.56	2
WGS0178	45	61.7	21.7	10.3	2	5.08	17	8	0	0	1	2	2	2	7.83	5.84	2
WGS0179	32	57.7	32	9.7	1	3.15	16.27	5	0	0	1	5	3	3	4.92	4.02	2
WGS0180	32	54.7	25.3	9.7	2	3.96	16.21	6	1	2	3	5	3	2	4.86	3.53	2
WGS0181	39	64.3	26.3	9.7	1	4.18	20.1	7	0	0	1	2	2	2	5.91	4.5	2
WGS0182	39	71.7	27.3	12.7	4	3.75	20.34	6	0	0	1	2	2	2	11.26	9.23	2
WGS0183	27	43	26	8.3	2	2.98	12.46	5	0	1	1	2	2	2	3.23	2.43	6
WGS0184	32	44.7	25.7	9	3	3.21	10.34	4	2	3	2	2	2	2	3.24	2.62	2
WGS0185	43	78.7	26.7	15.7	5	7.27	21.27	8	0	0	1	4	3	2	11.67	7.67	2
WGS0186	33	63.3	33	10.3	3	3.45	11.85	5	0	0	1	5	3	3	4.04	3.36	6
WGS0187	33	65.3	32.3	14.7	4	3.9	14.74	6	0	0	1	5	3	3	9.14	7.46	2
WGS0188	39	71.7	28	14.3	4	4.73	14.65	7	0	0	1	5	3	3	8.74	7.4	2
WGS0189	33	67.3	35.3	10.5	5	3.24	16.46	5	0	0	1	2	2	2	6.48	5.12	2
WGS0190	32	61.3	31.7	10	3	3.08	12.76	5	0	1	2	5	3	3	5.76	4.69	2
WGS0191	41	76.7	29.7	15.7	4	5.99	21.17	7	0	0	1	4	3	3	7.11	5.87	2
WGS0192	NA	75	28	19	5	6.05	19.84	7	0	0	1	2	2	2	8.06	6.09	2
WGS0193	39	84.7	34	14.7	4	3.98	14.16	7	0	0	1	5	3	2	10.11	8.28	6
WGS0194	31	66	30.7	10.3	2	3.4	13.03	6	0	0	1	5	3	3	6.2	5.01	2
WGS0195	25	47.7	30.3	6.5	4	2.15	9.56	4	0	3	3	5	3	3	1.53	1.21	2
WGS0196	40	92.3	35.3	22.7	4	4	18.51	6	0	0	1	2	2	2	12.5	10.48	2
WGS0197	23	56	32	8.5	4	3.23	13.85	4	1	2	3	4	3	2	2.22	1.7	2
WGS0198	23	49.3	22	8	3	2.84	10.48	5	1	2	3	2	2	2	2.28	1.81	2
WGS0199	28	50.3	23.7	8.3	1	2.95	11.4	5	0	3	3	5	3	3	2.42	2.01	2
WGS0200	26	51	28.3	7.3	1	2.16	13.14	4	1	1	2	5	3	3	3.6	2.84	2
WGS0201	26	51.7	27	8.5	1	3.5	13.01	4	1	0	2	5	3	3	3.02	2.45	2
WGS0202	40	86.7	30.3	16.7	3	4.32	26.26	7	1	1	2	5	3	2	14.94	12.18	2
WGS0203	36	67.7	25.3	12.7	4	5.02	18.64	6	0	1	2	4	3	3	6.23	4.71	2
WGS0204	33	57	24.3	12.3	4	4.76	16.63	7	0	0	1	4	2	2	6.28	4.24	2
WGS0205	32	65	26	9.7	5	3.53	12.69	6	0	1	2	5	3	3	3.48	2.88	2
WGS0206	42	83.3	28.3	16.7	6	7.64	23.44	7	0	0	1	2	2	2	7.5	6.82	2
WGS0207	41	68	24	16	7	4.93	20.3	7	0	0	1	4	3	2	7.57	5.47	2
WGS0208	33	73.7	34.3	11.3	5	4.54	16.31	7	0	2	3	3	2	2	5.87	4.46	2
WGS0209	40	81.3	31.3	13.7	4	4.77	18.52	6	1	2	3	3	2	2	6.34	3.87	2
WGS0210	64	116.5	32.7	21	1	6.19	20.27	10	0	0	1	5	3	3	12.23	8.27	NA
WGS0211	65	104.7	20.7	23.7	3	8.7	38.7	11	0	0	1	3	2	3	18.81	10.27	2
WGS0212	28	55	24	8.5	4.5	3.21	10.35	5	3	3	10	4	3	3	2.59	1.98	2
WGS0213	52	111.7	30.3	15	1	4.98	20.44	8	0	0	1	2	2	2	10.16	7	2
WGS0214	NA	50.7	19.3	11	2	4.8	15.3	7	0	0	1	5	3	3	6.04	3.93	2
WGS0215	41	59.3	23.3	18.7	2	6.59	31.18	6	0	0	1	3	2	2	13.03	9.72	7
WGS0216	43	71.5	22.7	16.7	2.5	6.16	24.33	9	0	0	1	2	2	2	16.02	12.08	2
WGS0217	45	75	21.2	18.7	3	6.35	26.57	10	0	0	1	2	2	2	19.78	9.89	2
WGS0218	40	82.7	28	14.7	4	5.46	17.45	8	0	0	1	4	3	2	12.28	9.55	2
WGS0219	33	73.3	32.7	13.2	3	5.92	18.03	6	2	0	3	2	2	3	6.81	5.07	2
WGS0220	44	89	26.7	27	7	4.47	23.21	6	0	0	1	2	2	2	10.75	7.66	NA
WGS0221	40	79.3	26	16.2	3	4.83	17.78	7	0	1	2	4	3	2	11.04	8.71	2
WGS0222	81	115.3	17.5	31.8	3	10.7	14.45	12	1	0	2	2	2	2	12.65	8.67	6
WGS0223	81	114	15	22.7	3	7.32	22.78	12	0	0	1	3	3	2	11.68	6.68	NA
WGS0224	69	112.7	24.3	26.7	2	6.84	22.48	11	0	0	1	3	2	3	16.71	10.9	NA
WGS0225	54	112	26.3	18.1	4	5.99	19.86	10	1	1	3	2	2	2	12.52	9.68	NA
WGS0226	42	77.7	24.3	13.7	2	4.33	24.19	9	0	0	1	2	2	2	8.98	6.78	NA
WGS0227	45	85.7	25	11.9	3	5.18	18.65	9	0	0	1	3	2	2	7.19	7.09	NA
WGS0228	36	80	35.3	14.7	2	4.55	21.56	6	0	0	1	2	2	3	8.9	6.81	NA
WGS0229	41	85	29.7	14.7	2	5.88	20.13	7	1	0	2	5	3	3	8.85	7.21	NA
WGS0230	46	103.7	29	12	3	5.5	19.98	8	0	0	1	5	3	3	7.28	4.98	NA
WGS0231	71	115.7	19	28.8	3	7.25	21.95	11	1	0	2	3	2	2	13.6	8.96	NA
WGS0232	56	107	23	22	4	7.63	21.82	10	3	0	4	2	2	2	11.85	8.53	NA
WGS0233	43	91.7	27.3	18.3	5	5.27	21.54	9	0	0	1	4	3	2	12.41	9.42	NA
WGS0234	28	49.3	22.3	8	4	2.79	10.77	4	3	3	7	2	2	2	2.68	2.12	NA
WGS0235	50	88.3	32.7	18	6	6.31	23.8	8	0	0	1	4	3	3	5.46	3.24	NA
WGS0236	43	86.3	31.7	18.7	5	5.7	24.93	6	0	0	1	4	3	3	13.78	10.98	NA
WGS0237	32	64	29	11.3	4	4.27	14.83	6	1	1	2	2	2	2	7.71	4.58	NA
WGS0238	30	58	22.7	11.3	4	2.63	13.44	6	0	0	1	3	2	2	5.25	4.07	NA
WGS0239	32	66.3	28.3	12	4	5.05	15.91	5	0	0	1	2	2	2	7.99	5.72	NA
WGS0240	32	67	28	9.7	3	3.56	17.07	5	NA	NA	NA	3	3	2	4.95	2.98	NA
WGS0241	41	77.7	23.3	10.2	5	4.2	13.97	8	1	0	2	2	2	2	7.47	5.69	NA
WGS0242	42	77.7	24.7	10.8	4	5.89	11.36	8	2	0	3	2	2	2	4.49	2.68	NA
WGS0243	33	57.3	24.3	10	1	3.32	10	6	2	0	3	4	3	3	4.41	3.26	NA
WGS0244	45	75.3	25	20.3	3	6.12	19.78	8	0	0	1	2	2	2	10.04	7.9	6
WGS0245	31	61.7	22.7	14.7	2	4.52	13.22	6	1	2	2	2	2	2	5.96	4.3	NA
WGS0246	39	96.3	24.7	15.8	2	5.18	20.28	9	1	0	2	5	3	3	9.97	7.82	NA
WGS0247	57	115.7	21.7	13.3	3	7.38	16.36	10	3	0	4	2	2	2	5.33	4.02	NA
WGS0248	50	111.3	31	21	5	8.04	25.59	10	0	0	1	3	2	2	11.75	8.22	6
WGS0249	42	89.7	26.7	14	5	5.49	23.37	8	2	0	3	2	2	3	6.38	4.85	NA
WGS0250	49	107	24.3	31.5	2	8.31	24.56	9	1	0	2	2	2	2	9.14	6.66	NA
WGS0251	54	108	27.3	27	7	6.16	24.23	9	2	0	3	2	2	3	12.21	9.21	6
WGS0252	54	86	11	21.2	4	5.78	19.29	10	2	0	3	3	2	2	10.56	7.12	6
WGS0253	39	100.7	35	23.7	5	6.18	20.42	8	0	0	1	2	2	2	10.33	7.65	NA
WGS0254	42	107	32.3	22	3	6.4	20.34	8	1	0	2	2	2	2	12.79	9.38	NA
WGS0255	37	94.7	35	22.3	4	4.86	22.29	6	0	0	1	2	2	2	7.96	5.61	NA
WGS0256	37	93.7	27.3	20.3	4	6.3	31.3	8	0	0	1	2	2	2	14.96	11.66	NA
WGS0257	37	102	39.3	24	4	5.7	25.22	7	0	0	1	2	2	2	12.12	9.86	NA
WGS0258	27	63	31.7	9.9	2	4.08	15.82	5	0	0	1	2	2	2	4.09	3	NA
WGS0259	75	84.7	13.7	18.3	1	9.85	19.87	11	1	0	2	5	3	3	6.9	3.07	NA
WGS0260	80	109	20.7	16.3	1	7.74	28.97	11	1	0	2	5	3	2	8.55	5.12	NA
WGS0261	48	114.3	25.3	12	1	6.04	19.18	9	2	0	3	2	2	2	9.29	7.5	NA
WGS0262	44	85.7	22	16.8	3	4.44	22	8	3	0	4	2	2	3	4.75	3.3	NA
WGS0263	37	73.2	26.7	13.9	4	4.14	21.01	8	2	0	3	2	2	2	7.48	5.75	NA
WGS0264	33	81	26	15	1	5.69	24.4	8	0	0	1	2	2	2	9.87	7.56	NA
WGS0265	37	83.3	26.3	12.7	1	5.81	20.92	8	1	0	2	2	2	3	11.05	7.86	NA
WGS0266	35	92	36.3	11.3	1	7.19	25.08	8	0	0	1	5	3	3	9.49	6.79	NA
WGS0267	36	90	26	15.3	1	5.84	29.61	8	0	0	1	2	2	2	13.34	8.78	NA
WGS0268	41	108.8	28.3	11.3	1	6.85	19.92	9	0	0	1	4	2	2	9.6	6.14	NA
WGS0269	42	96.7	27	14.7	1	6.9	24.38	8	0	0	1	2	2	2	15.34	12.11	NA
WGS0270	43	95.3	30.3	15	1	6.63	22.13	8	0	0	1	2	2	2	13.51	10.81	NA
WGS0271	33	77.3	32.7	8.3	1	4.73	18.14	6	0	0	1	5	3	3	6.5	4.33	NA
WGS0272	40	84.3	25.7	16.5	3	4.74	25	8	1	0	1	2	2	2	9.11	6.64	NA
WGS0273	28	70	32	10.7	2	4.63	16.61	6	0	0	1	3	3	3	4.78	3.67	NA
WGS0274	44	76.7	24.7	17.3	2	5.66	21.69	8	0	0	1	2	2	2	13.08	9.35	NA
WGS0275	42	81	28	15.7	2	7.28	29.44	8	0	0	1	2	2	3	9.44	6.96	NA
WGS0276	39	73.3	26.3	13.7	1	6.64	25	8	1	0	2	2	2	2	12.13	9.15	NA
WGS0277	42	73.3	24.7	16.7	2	6.22	21.87	8	2	0	3	2	2	2	10.57	8.58	NA
WGS0278	42	78.7	22.3	13.7	1	6.77	22.3	9	1	0	2	2	2	3	9.91	7.52	NA
WGS0279	43	92.3	25	17.3	2	6.72	26.21	9	0	0	1	2	2	2	11.38	8.52	NA
WGS0280	51	93.3	24.7	16.4	2	6.12	22.57	10	1	0	2	2	2	2	10.73	8.51	NA
WGS0281	50	90	24.7	15.7	1	7.23	21.81	11	0	0	1	2	2	2	8.41	5.8	NA
WGS0282	44	84.7	19.3	16.4	1	5.33	21.5	10	1	0	2	2	2	2	8.65	6.6	NA
WGS0283	49	92.7	23.7	14	1	5.72	22.36	9	0	0	1	2	2	2	8.24	5.85	NA
WGS0284	47	78.7	19	13	3	5.72	26.62	10	0	0	1	2	2	2	11.65	8.81	NA
WGS0285	43	75.3	29.3	14.7	2	7.76	20.79	7	0	0	1	3	2	3	8.7	6.48	NA
WGS0286	45	70.3	20	15.7	1	5.73	20.09	7	1	0	2	3	2	2	10.74	8.34	NA
WGS0287	44	76.7	26	13.3	1	7.2	26.07	8	0	0	1	2	2	2	14.19	10.79	NA
WGS0288	33	68.7	35.7	8.3	1	3.77	15.11	5	0	0	1	4	2	2	7.58	5.78	NA
WGS0289	43	69.7	24	13	2	4.74	20.35	7	0	0	1	3	2	2	11.22	8.84	NA
WGS0290	48	82.7	26.3	14.7	3	6.85	27.18	8	0	0	1	2	2	2	15.34	11.83	NA
WGS0291	43	82.7	26	17.3	2	6.16	23.71	9	1	0	2	2	2	2	13.32	10.51	NA
WGS0292	NA	63	33	8	2	4.04	16.05	6	0	0	1	4	3	3	5.67	4.59	6
WGS0293	NA	64	22	12	1	3.69	16.39	8	1	2	8	4	3	3	6.92	5.45	NA
WGS0294	NA	83	28	15	1	4.76	24.4	9	0	2	3	NA	NA	2	10.12	8.03	NA
WGS0295	NA	85	29	14	1	6.72	25.96	9	0	0	1	NA	3	2	10.91	7.77	NA
WGS0296	35	78.7	30.7	15	2	4.55	16.26	7	0	0	1	2	2	2	10.14	7.84	NA
WGS0297	46	55.3	15.7	13.5	1	5.03	18.76	9	2	0	3	2	2	2	10.85	8.53	NA
WGS0298	44	89.7	27.3	16	2	7.56	21.04	9	0	0	1	2	2	2	14.08	11.42	NA
WGS0299	32	76.3	27.7	14.3	1	4.69	13.69	6	0	0	1	4	2	2	5.56	4.04	NA
WGS0300	30	67	32	11.3	3	4.55	12.44	6	0	0	1	4	3	3	4.89	3.68	NA
WGS0301	44	79.3	20.3	12	3	6.57	23.33	9	0	0	1	2	2	2	9.85	6.82	NA
WGS0302	48	85.3	19	15.7	3	5.99	18.67	10	0	0	1	3	2	2	12.5	9.85	NA
WGS0303	49	87.7	20	17.7	3	7.09	22.33	9	1	0	2	3	2	2	13.55	10.96	NA
WGS0304	49	84.7	21.7	18.3	3	7.73	22.11	9	0	0	1	4	3	2	13.56	10.16	NA
WGS0305	48	82.7	19.7	18.3	3	6.64	26.46	9	0	0	1	2	2	2	12.88	9.5	NA
WGS0306	39	78	24	18	3	7.6	30	7	0	0	1	2	2	2	13.13	11.49	NA
WGS0307	42	79.3	23.7	16.3	2	6.05	23.18	8	0	0	1	2	2	2	12.63	9.4	NA
WGS0308	44	81	18.3	17	3	5.68	24.85	8	0	0	1	3	2	2	13.63	10.83	NA
WGS0309	44	87.7	21	17	2	6.73	25.75	9	0	0	1	2	2	2	10.12	7.78	NA
WGS0310	39	91.7	25.7	15.3	2	5.44	27.8	9	0	0	1	2	2	2	13.15	10.34	NA
WGS0311	40	78.3	27	15.3	3	5.52	24.15	7	0	0	1	3	2	2	9.94	7.32	NA
WGS0312	43	85.7	22.3	15.3	3	6.3	21.66	7	0	0	1	3	3	3	12.97	9.29	NA
WGS0313	43	81.3	25.7	18.3	2	7.69	21.69	7	0	0	1	2	2	2	14.1	9.93	NA
WGS0314	42	81	24.3	16	2	6.88	21.91	7	0	0	1	2	2	2	12.39	8.97	NA
WGS0315	50	99	32.7	17.2	3	6.44	23.8	10	0	0	1	2	2	2	12.65	9.73	NA
WGS0316	44	83.7	26	17.3	3	6.1	23.49	8	0	0	1	2	2	2	10.17	7.93	NA
WGS0317	54	103.7	27.3	18.3	3	7.28	22.76	10	1	0	2	2	2	2	10.14	7.05	NA
WGS0318	43	79.3	21.7	14.8	3	5.22	28.3	8	0	0	1	2	2	3	15.24	11.15	NA
WGS0319	44	83	24.3	14.6	2	6.33	28.66	8	0	0	1	3	2	2	12.29	9.84	NA
WGS0320	40	85.7	29.7	16.5	3	6.87	27.97	7	0	0	1	2	2	2	13.95	11.11	NA
WGS0321	41	86	24	15.6	3	5.67	27.63	8	0	0	1	2	2	3	12.19	8.48	NA
WGS0322	42	84	27.3	13	1	5.83	23.52	7	0	0	1	3	2	2	12.16	9.4	NA
WGS0323	43	85.3	21.7	16.7	2	6.47	25.26	9	0	0	1	2	2	2	12.84	9.78	NA
WGS0324	49	100.3	24.7	16.7	3	7.66	24.76	10	0	0	1	2	2	2	12.09	7.88	NA
WGS0325	48	77	22.7	15.3	3	6.38	25	7	0	0	1	2	2	2	10.08	7.4	NA
WGS0326	51	98.3	21	16	3	6.75	31.44	10	0	0	1	2	2	2	12.06	9.23	NA
WGS0327	49	90	27	15	3	6.25	23.04	10	0	0	1	2	2	2	9.73	6.82	NA
WGS0328	28	59.5	29.5	9.2	3	3.15	12.57	6	0	0	1	2	2	2	4.66	3.56	6
WGS0329	44	65	21.7	18.3	3	5.33	26.03	8	0	0	1	3	3	2	15.48	12.03	NA
WGS0330	44	59	19	13	2	5.63	20.95	8	2	0	2	2	2	2	9.84	7.37	NA
WGS0331	28	53	24.7	9.7	3	4.18	13.78	5	0	0	1	2	2	2	5.74	4.27	NA
WGS0332	32	86.7	38.7	12.3	2	5.46	18.78	7	0	0	1	2	2	2	6.28	4.22	NA
WGS0333	31	74.3	31.3	15	4	4.56	16.3	6	0	0	1	4	2	2	10.44	7.89	NA
WGS0334	37	82.3	33	19.3	4	3.97	18.26	6	0	0	1	2	2	2	14.68	11.12	NA
WGS0335	33	80	36.7	11.7	3	5.89	25.03	6	0	0	1	2	2	2	10.19	7.54	NA
WGS0336	27	63.3	36	10.3	1	3.65	16	5	0	0	1	5	3	2	5.68	4.7	NA
WGS0337	30	73.7	33	12.3	3	3.68	14.73	5	0	0	1	2	2	3	6.67	5.22	NA
WGS0338	32	98	42.7	11.3	3	5.28	18.94	6	0	0	1	4	3	3	8	6.16	NA
WGS0339	30	61.5	25.5	10.5	2	3.96	16.34	5	0	0	1	2	2	2	5.95	4.12	NA
WGS0340	28	73	38.7	11.3	3	3.79	16.82	5	0	0	1	5	3	2	7.08	5.09	NA
WGS0341	42	105.3	30.3	18.7	5	7.07	22.64	8	0	0	1	2	2	2	16.67	13.14	NA
WGS0342	41	96.7	31.3	16.7	6	5.41	17.8	7	0	0	1	2	2	2	12.4	9.26	NA
WGS0343	45	68	17.7	15.3	2	5.71	19.99	8	2	0	3	2	2	2	8.79	6.97	NA
WGS0344	43	97.7	26	17	3	6.8	21.11	8	2	0	3	4	3	3	13.67	10.33	NA
WGS0345	45	107.7	22	14.3	2	5.66	21.78	10	0	0	1	2	2	3	15.51	12.36	NA
WGS0346	43	87	29	18.7	2	7.05	25.81	9	0	0	1	2	2	3	11.83	8.05	NA
WGS0347	44	81.7	20.7	17.3	2	8.01	24.05	8	0	0	1	2	2	2	11.83	8.17	NA
WGS0348	48	77.7	22.3	15.3	2	7.7	21.37	9	0	0	1	2	2	2	7.81	5.3	NA
WGS0349	61	97	22.7	15	3	6.91	18.66	10	2	0	3	3	2	2	9.07	7.52	NA
WGS0350	47	91.7	25.7	18	1	7.15	27.22	10	2	0	2	2	2	2	13.15	10.52	NA
WGS0351	42	85	19.3	13.7	1	5.92	22.05	9	0	0	1	2	2	3	12.11	10.17	NA
WGS0352	43	75	22.7	16.3	2	5.52	25.32	7	2	0	3	2	2	2	12.14	9.18	NA
WGS0353	31	67	33.3	9.7	3	4.09	15.71	5	0	0	1	3	2	2	5.28	3.75	NA
WGS0354	32	74	35	10	2	5.42	19.13	5	0	0	1	2	2	2	7.42	5.5	NA
WGS0355	42	86	22.7	13.3	2	6.03	19.65	8	1	0	2	5	3	3	12.19	9.97	NA
WGS0356	44	90	27.3	18	2	9.12	28.97	8	0	0	1	2	2	2	12.93	9.02	NA
WGS0357	49	96.3	25.3	16.7	3	8.38	25.85	9	0	0	1	2	2	2	15.77	12.9	NA
WGS0358	48	85.7	22	15.3	1	6.17	22.7	8	1	0	2	3	2	2	6.74	4.68	NA
WGS0359	54	97.7	22	18.7	2	6.27	20.8	9	0	0	1	2	2	2	13.18	8.92	NA
WGS0360	41	87.3	27.3	12.7	2	5.23	22.98	7	0	0	1	2	2	3	8.79	6.79	NA
WGS0361	54	106.7	22.7	18.8	2	6.04	23.32	10	0	0	1	2	2	2	13.3	9.26	NA
WGS0362	46	103.3	27.7	17.7	3	6.77	28.5	10	0	0	1	3	2	2	16.2	13.33	NA
WGS0363	43	91.7	24.7	17.3	3	5.26	23.24	9	0	0	1	3	2	2	13.92	9.86	NA
WGS0364	37	96.7	38	14	4	4.28	18.04	7	1	0	2	2	2	2	8.83	6.76	NA
WGS0365	41	103	28.7	17.7	5	6.34	20.58	8	0	0	1	2	2	2	14.06	11.61	NA
WGS0366	40	100.7	30.7	16.3	5	5.64	20.17	8	0	0	1	4	2	2	14.51	10.08	NA
WGS0367	36	89	34.7	19.7	5	4.86	22.87	7	0	0	1	5	3	3	11.21	8.67	NA
WGS0368	39	86.7	28.3	13.7	5	5.4	19.47	9	0	0	1	4	3	2	13.33	10.07	NA
WGS0369	NA	88	27.7	16.3	5	5.55	19.36	9	0	0	1	4	2	2	10.24	8.27	NA
WGS0370	39	85.2	25.5	13.7	5	5.12	18.01	8	0	0	1	3	2	2	12.41	8.06	NA
WGS0371	42	85	24	14.3	5	4.99	17.27	9	0	0	1	3	2	2	10.12	7.06	NA
WGS0372	42	92.7	24.7	15.3	5	5.88	19.16	10	0	0	1	4	2	2	14.13	11.25	NA
WGS0373	43	102	24.7	16.7	4	6.68	20.32	10	0	0	1	2	2	2	12.39	8.96	NA
WGS0374	43	96.3	26.7	12.2	4	6.74	18.07	9	0	0	1	2	2	3	8.64	5.83	NA
WGS0375	45	101.3	26.3	18	6	7.52	24.69	9	1	0	2	2	2	2	19.22	13.92	NA
WGS0376	44	101	33.7	13.9	5	5.14	21.91	9	0	0	1	3	3	2	13.22	10.29	NA
WGS0377	40	88.3	25.7	12.2	5	4.62	16.71	8	0	0	1	2	2	2	8.01	6.14	NA
WGS0378	33	81.3	30.7	14.8	5	5.12	16.87	7	1	0	2	2	2	2	9.12	7.35	NA
WGS0379	44	95.3	27.7	16.5	5	5.33	17.01	9	0	0	1	2	2	2	9.26	6.7	NA
WGS0380	45	85.7	24	18.1	6	8.76	28.58	9	0	0	1	4	3	2	15.7	12.5	NA
WGS0381	49	65.3	25	13.3	2	6.68	22.36	7	0	0	1	2	2	2	10.19	7.11	NA
WGS0382	43	84.7	25.7	16.7	5	6.03	30.3	8	0	0	1	2	2	3	12.78	9.78	NA
WGS0383	41	89	28	18.2	5	5.68	19.34	8	0	0	1	2	2	2	15.21	11.6	NA
WGS0384	42	107.3	30.3	17.6	5	7.12	21.79	9	0	0	1	2	2	2	16.59	11.84	NA
WGS0385	43	106	42.7	15.3	5	7.24	21.5	9	0	0	1	2	2	2	14.64	12.08	NA
WGS0386	48	76.7	26.7	14.7	3	7.38	28.81	8	0	0	1	2	2	2	10.64	6.99	NA
WGS0387	43	94	25	15.5	3	8.1	24.8	9	0	0	1	2	2	2	20.75	17.23	NA
WGS0388	38	92	34.2	17.5	5	4.37	20.88	6	0	0	1	2	2	2	11.11	8.47	NA
WGS0389	43	89	25.3	17	5	6.86	19.31	8	0	0	1	4	3	2	16.78	13.84	NA
WGS0390	27	58.3	29	8.2	2	3.96	14.49	4	0	1	2	3	2	2	3.41	2.53	NA
WGS0391	33	72.7	30.3	15.7	3	5.34	23.59	6	0	0	1	2	2	2	8.31	5.89	NA
WGS0392	32	79	29	15.7	4	5.43	16.54	6	0	2	2	3	2	2	9.27	5.85	NA
WGS0393	32	78	33.3	11.8	4	4.52	16.93	6	0	0	1	4	3	2	8.69	6.36	NA
WGS0394	28	65.7	30.3	13.7	4	3.77	12.13	5	3	0	4	4	2	2	5.02	3.96	NA
WGS0395	40	96	24.7	18.2	5	6.26	18.84	9	0	0	1	3	3	2	14.34	11.71	NA
WGS0396	36	93.7	35.7	19.4	5	5.21	22.79	6	0	0	1	2	2	2	13.77	9.71	NA
WGS0397	28	57.3	25.7	12.5	4	3.73	15.12	4	0	0	1	2	2	2	5.18	4.17	NA
WGS0398	27	61	31.3	12.8	4	4.58	15.04	5	1	0	2	3	3	2	5.31	4.04	NA
WGS0399	32	73.7	32	10.8	4	4.36	15.05	5	0	0	1	4	3	2	7.49	5.89	NA
WGS0400	37	86	30.3	15.2	3	5.11	20.32	7	0	0	1	2	2	2	9.92	7.15	NA
WGS0401	36	89.3	34.7	17.5	3	6.14	23.07	7	2	0	3	4	3	2	8.57	7.56	NA
WGS0402	32	75.3	33.7	10.2	1	5.2	16.84	5	0	0	1	3	2	2	5.47	3.82	NA
WGS0403	33	92.7	41	15.6	3	4.47	17.03	7	0	0	1	4	2	3	6.87	4.75	NA
WGS0404	42	96	28.7	17.8	5	5.75	22.41	8	0	0	1	2	2	2	15.93	11.56	NA
WGS0405	43	95.7	18.3	17.7	3	5.65	22.99	10	0	0	1	4	3	3	13.88	9.67	NA
WGS0406	39	93.3	28.3	18.2	3	6.19	19.04	7	1	0	2	4	3	3	12.93	10.03	NA
WGS0407	36	92.7	29.7	15.5	5	5.72	16.18	7	0	0	1	4	2	2	9.72	7.75	NA
WGS0408	45	96	23.3	15.2	5	6.69	24.32	9	0	0	1	4	2	2	14.88	11.86	NA
WGS0409	38	89.7	28.3	19.2	4	6.03	20.42	8	1	0	2	4	3	3	12.43	10.08	NA
WGS0410	33	85.7	32	15.5	3	5.45	17.48	6	0	0	1	4	3	3	8.46	6.41	NA
WGS0411	33	74.7	29.3	14.8	4	4.08	14.53	6	0	0	1	4	3	3	9.09	6.64	NA
WGS0412	27	67.8	36.2	11	4	3.86	17.73	5	0	0	1	4	3	3	5.6	3.92	NA
WGS0413	31	67.8	27.8	12.7	1	4.31	17.92	7	0	0	1	4	2	2	6.55	4.59	NA
WGS0414	30	58.3	26.3	9.5	1	3.68	16.92	6	0	1	1	2	2	2	4.86	3.61	NA
WGS0415	32	72.7	33.7	13.6	1	4.43	17.21	6	0	0	1	2	2	2	9.08	6.94	NA
WGS0416	31	69.7	26.3	11.8	3	4.18	16.04	7	0	0	1	4	2	2	9.43	7.77	NA
WGS0417	32	71.2	29.5	12.3	2	3.68	16.11	6	0	0	1	5	3	3	7.72	5.36	NA
WGS0418	40	79	23	10.5	1	6.21	21.38	8	1	0	2	2	2	2	9.05	6.79	NA
WGS0419	42	95	27.3	13.5	2	5.76	20.55	8	0	0	1	2	2	2	16.82	13.63	NA
WGS0420	38	82.7	26.3	10.3	2	4.56	22.22	8	0	0	1	2	2	2	9.23	6.86	NA
WGS0421	37	84	27.3	13	3	6.02	21.14	8	0	0	1	2	2	2	13.07	10.66	NA
WGS0422	41	84.3	28	14.7	1	4.85	23.64	8	0	0	1	2	2	2	11.71	9.59	NA
WGS0423	36	81.3	33.3	10.8	2	4.15	19.37	6	0	0	1	2	2	2	9.99	7.54	NA
WGS0424	42	88.3	25	12.5	2	5.24	18.62	8	0	0	1	2	2	2	11.83	8.37	NA
WGS0425	35	86.7	31.7	14.7	1	5.86	15.33	6	0	0	1	2	2	2	6.41	5.49	NA
WGS0426	43	104	26.7	16.7	2	6.74	28.36	10	1	0	2	3	2	2	13.01	9.86	NA
WGS0427	45	109	26.7	15	2	6.52	30.05	11	0	0	1	2	2	2	13.02	9.22	NA
WGS0428	41	106	26.3	14.5	1	5.5	24.61	9	0	0	1	3	2	2	14.35	11.26	NA
WGS0429	37	80.7	35.3	13	2	5.07	18.09	6	0	0	1	2	2	2	9.41	6.9	NA
WGS0430	43	98	27.3	14.4	2	6.41	22.47	9	0	0	1	2	2	2	12.51	8.98	NA
WGS0431	43	95.7	19.7	14.3	2	5.51	25.12	10	0	0	1	3	2	2	15.66	11.54	NA
WGS0432	36	85.7	31	12.2	1	5.12	27.46	6	0	0	1	2	2	2	10.69	8.09	NA
WGS0433	28	67.7	33.3	10	1	4.23	18.82	5	0	2	3	2	2	2	6.15	4.51	NA
WGS0434	33	78.3	31.2	15.9	1	5.45	17.68	6	0	0	1	2	2	2	9.75	7.24	NA
WGS0435	43	97.3	24	16.9	2	6.45	22.6	8	0	0	1	2	2	2	17.29	14.35	NA
WGS0436	51	109.3	27	16.7	1	7.32	26.08	10	0	0	1	2	2	2	15.68	11.54	NA
WGS0437	44	108	24.7	14.5	1	6.5	23.91	9	1	0	2	2	2	2	14.98	11.2	NA
WGS0438	43	97.3	28	16.8	3	5.83	19.81	8	0	0	1	2	2	2	13.34	9.59	NA
WGS0439	39	86	28.3	16	2	5.24	24.8	8	0	0	1	2	2	2	8.36	6.21	NA
WGS0440	40	95.7	37	14	1	5.69	23.46	8	0	0	1	2	2	2	12.88	10.02	NA
WGS0441	NA	NA	NA	NA	NA	NA	NA	NA	NA	NA	NA	NA	NA	NA	NA	NA	NA
WGS0442	45	110.7	27.7	12.8	2	7.33	31.32	10	0	0	1	4	2	2	19.67	12.73	3
WGS0443	43	103.7	30	15.7	3	4.93	20.64	9	1	0	2	2	2	2	11.41	8.24	NA
WGS0444	50	93	19	14.8	1	5.04	22.61	11	0	0	1	2	2	2	6.51	4.1	NA
WGS0445	43	91.7	28.5	13.5	1	5.72	29.33	9	0	0	1	3	2	2	8.96	6.52	NA
WGS0446	28	87.3	21	14.7	2	5.18	21	9	0	0	1	3	2	2	13.87	10.55	NA
WGS0447	30	74.3	31.7	15.3	4	3.7	14.33	6	0	0	1	2	2	2	7.33	5.35	NA
WGS0448	30	64.7	23.7	8.2	1	4.83	18.24	6	0	0	1	2	2	2	4.98	3.22	NA
WGS0449	42	97.7	25.7	14.7	1	6.84	28.89	10	0	0	1	3	2	2	15.76	11.49	NA
WGS0450	36	84	35	14	1	5.38	19.24	6	0	0	1	2	2	2	10.7	8.14	NA
WGS0451	41	92	29	15.8	1	8.18	23.39	8	1	0	2	3	2	2	12.82	10.04	NA
WGS0452	37	92	34.7	15.7	1	5.74	24.25	8	1	0	2	2	2	2	10.27	8.26	NA
WGS0453	30	73.7	31.7	10	1	5.26	19.35	5	0	0	1	2	2	3	6.69	4.8	NA
WGS0454	33	73.3	31.7	11.3	1	4.84	18.9	6	1	0	2	2	2	3	6.49	4.13	NA
WGS0455	31	67.7	31.3	10.3	1	3.8	14.69	6	0	0	1	2	2	2	7.23	5.16	NA
WGS0456	46	63.3	18.7	13.5	1	6.53	26.08	9	1	0	2	2	2	2	9.55	7.02	NA
WGS0457	46	74.7	19.3	13.8	2	6.54	25.47	9	0	0	1	3	2	2	15.12	10.28	NA
WGS0458	41	87.7	23.3	14.3	1	5.9	24.06	9	0	0	1	2	2	2	12.34	9.25	NA
WGS0459	38	92.7	27.3	12	1	4.9	23.92	8	0	0	1	3	2	2	10.89	6.94	NA
WGS0460	31	60.7	33.3	10.7	1	4.68	17.04	5	2	0	3	2	2	2	6.63	4.96	NA
WGS0461	40	96	40.7	23	2	6.36	22.83	8	0	0	1	2	2	2	16.42	9.07	NA
WGS0462	36	60	25	12	3	4.69	19.55	6	0	0	1	2	2	2	7.97	5.43	NA
WGS0463	50	92.3	27.7	18.3	1	6.33	28.48	11	0	0	1	2	2	2	11.4	6.81	NA
WGS0464	NA	NA	NA	NA	NA	NA	NA	NA	NA	NA	NA	NA	NA	NA	NA	NA	NA
WGS0465	32	70.7	28.7	13.5	2	5.57	17.39	7	0	0	1	2	2	2	7.46	5.32	NA
WGS0466	33	75.7	33.3	14.5	2	4.26	19.29	6	0	0	1	4	3	3	11.12	8.67	NA
WGS0467	35	74.3	29	11.3	1	5.78	18.35	7	0	0	1	2	2	2	5.46	3.75	NA
WGS0468	35	68.3	25.7	11	1	5.16	16.97	7	0	0	1	5	3	2	4.02	2.25	NA
WGS0469	35	81	31	16.2	5	6.07	22.56	7	0	0	1	2	2	2	11.62	9.09	NA
WGS0470	33	71	29	10.8	1	4.57	20.47	7	0	0	1	2	2	2	6.89	4.69	NA
WGS0471	43	54.7	16.3	15.7	1	5.17	23.11	9	2	0	2	2	2	2	9.47	7.34	NA
WGS0472	NA	NA	NA	NA	NA	NA	NA	NA	NA	NA	NA	NA	NA	NA	NA	NA	NA
WGS0473	45	101.3	25.7	15.7	1	6.17	27.94	10	0	0	1	3	2	2	12.68	9.38	NA
WGS0474	43	84.3	23.7	16.2	2	5.7	24.05	8	0	0	1	2	2	2	8.49	5.7	3
WGS0475	45	86	26.3	19.5	2	7.2	24.03	10	0	0	1	2	2	3	17.3	12.7	NA
WGS0476	28	58.5	24.5	9.3	1	3.35	15.03	5	0	0	1	3	3	3	5.27	4.21	NA
WGS0477	33	73.3	28.7	14.5	2	5.37	20.77	7	0	0	1	2	2	3	8.5	6.77	NA
WGS0478	28	62	32	9.8	1	3.71	15	5	0	0	1	2	2	3	5.88	4.42	NA
WGS0479	40	67.3	22.3	17	1	6.07	21.06	7	0	0	1	2	2	3	11.85	8.97	NA
WGS0480	55	82.3	20	16.5	1	5.67	18.14	11	0	0	1	2	2	2	13.31	10.75	NA
WGS0481	35	81	30.3	11.4	1	4.74	15.52	6	0	2	3	3	2	2	4.43	2.52	NA
WGS0482	42	87.7	24.3	17.5	1	5.83	23.69	8	0	0	1	2	2	3	13.93	10.75	NA
WGS0483	35	73.3	29	13.7	1	5.87	22.07	6	0	0	1	4	2	2	7.89	6.11	NA
WGS0484	39	85.3	30.3	13.7	1	5.71	21.22	8	0	0	1	2	2	2	11.58	9.33	NA
WGS0485	39	84.3	27.3	14.7	1	6.05	24.72	7	0	0	1	2	2	2	13.89	11.49	NA
WGS0486	44	82.3	22	13.4	1	5.99	21.13	9	0	0	1	2	2	2	10.5	8.02	NA
WGS0487	45	79.3	23	15.2	1	5.69	18.99	9	0	0	1	4	2	2	12.66	9.79	NA
WGS0488	43	70.3	20.7	13.7	2	4.85	19.68	9	0	0	1	2	2	2	15.06	9.9	NA
WGS0489	31	64.7	32	9.7	1	5.15	13.88	6	0	1	2	4	3	3	3.75	3.05	NA
WGS0490	43	83.7	25.3	12.7	2	4.48	18.78	8	0	0	1	3	2	2	9.43	7.3	NA
WGS0491	43	73.7	24.3	18.7	3	5.77	23.62	8	0	0	1	3	2	2	14.26	11.06	NA
WGS0492	41	70.7	25.7	14.2	2	4.94	20.37	7	0	0	1	3	2	2	8.68	6.33	NA
WGS0493	47	82	26.7	17.3	2	5.49	24.79	8	0	0	1	2	2	2	13.64	10.74	NA
WGS0494	49	95	29.7	15.3	1	6.42	24.07	10	0	0	1	4	3	3	11.86	8.74	NA
WGS0495	43	89	28.7	13	2	5.65	16.51	9	0	0	1	4	3	3	6.29	4.08	NA
WGS0496	42	80	25.3	12.3	2	5.06	19.53	8	0	0	1	3	2	2	11.08	8.82	NA
WGS0497	42	78.3	21.7	16	2	5.75	16.26	9	0	0	1	2	2	3	7.33	5.06	NA
WGS0498	38	81.7	24	16.7	1	6.43	17.9	8	0	0	1	2	2	2	8.33	6.49	NA
WGS0499	43	82.3	25	17.3	4	7.67	22.06	8	0	0	1	4	3	2	11.01	8.48	NA
WGS0500	43	76.3	16.7	14.5	2	5.8	27.38	10	0	0	1	2	2	2	11.6	8.17	NA
WGS0501	36	86	31.3	15.3	3	5.39	24.64	8	0	0	1	3	2	2	11.72	9.4	NA
WGS0502	49	117.7	31	17	1	7.4	19.4	10	0	0	1	4	3	3	7.52	5.75	NA
WGS0503	47	91.7	26.3	17.5	6	5.47	20.3	7	0	0	1	2	2	3	5.54	3.2	NA
WGS0504	38	67.7	27.5	12	3	4.9	14.7	5	1	0	2	4	2	3	1.7	0.92	NA
WGS0505	47	57	23.5	6.5	4	5.63	19	8	0	0	1	2	2	2	7.81	5.72	NA
WGS0506	31	55.7	24.3	5.7	3	3.95	12.5	4	2	0	3	4	3	2	1.67	1.29	NA
WGS0507	49	107.3	20	13.2	1	6.89	28.42	10	2	0	3	4	3	2	7.89	5.45	NA
WGS0508	86	NA	NA	NA	NA	NA	NA	NA	NA	NA	NA	4	NA	NA	NA	NA	NA
WGS0509	86	NA	NA	NA	NA	NA	NA	NA	NA	NA	NA	4	NA	NA	NA	NA	NA
WGS0510	82	NA	NA	NA	NA	NA	NA	NA	NA	NA	NA	2	NA	NA	NA	NA	NA
WGS0511	87	NA	NA	NA	NA	NA	NA	NA	NA	NA	NA	2	NA	NA	NA	NA	NA
WGS0512	48	115	28.7	16.7	1	6.97	17.9	10	0	0	1	2	2	2	7.9	5.97	NA
WGS0513	50	105.7	25.3	14.5	5	6	19	8	3	0	4	2	2	3	5.73	3.89	NA
WGS0514	68	126.3	19	20.8	1	8.93	22.06	11	1	0	2	4	3	3	5.81	3.11	NA
WGS0515	76	NA	NA	NA	NA	NA	NA	NA	NA	NA	NA	2	NA	NA	NA	NA	NA
WGS0516	72	NA	NA	NA	NA	NA	NA	NA	NA	NA	NA	2	NA	NA	4.92	2.81	NA
WGS0517	80	NA	NA	NA	NA	NA	NA	NA	NA	NA	NA	2	NA	NA	NA	NA	NA
WGS0518	77	NA	NA	NA	NA	NA	NA	NA	NA	NA	NA	3	NA	NA	4.81	1.71	NA
WGS0519	45	96.3	21.2	13.5	1	5.7	22.49	7	2	0	3	2	2	2	5.8	4.39	NA
WGS0520	48	95	24.2	12	3	5.72	18.61	9	2	0	3	3	2	2	6.75	5.33	NA
WGS0521	46	98	26.3	12.7	1	5.86	22.3	8	2	0	3	3	2	2	5.78	4.33	NA
WGS0522	53	101.7	24.3	19.8	3	6.6	29.3	9	1	0	2	2	2	2	9.63	6.69	NA
WGS0523	46	83.3	28	16.5	5	6.46	20.5	7	0	0	1	2	2	2	4.6	2.75	NA
WGS0524	60	119.3	26	15.8	3	8	27.2	10	1	0	2	3	2	2	11.08	8.32	NA
WGS0525	57	121.7	27.3	22.3	5	9.5	32.7	10	0	0	1	2	2	2	9.01	5.05	NA
WGS0526	58	140.7	29.7	11	1	6.9	24	9	0	0	1	5	3	3	6.19	4.93	NA
WGS0527	63	145.7	24.7	17	2	8.3	27.14	10	1	0	2	2	2	2	11.15	7.77	NA
WGS0528	NA	NA	NA	NA	NA	NA	NA	NA	NA	NA	NA	NA	NA	NA	NA	NA	NA
WGS0529	47	128	32.5	13.5	2	6.88	17.56	8	0	0	1	3	2	2	7.46	5.48	NA
WGS0530	50	142	32.3	19.8	1	6.78	14.34	8	0	0	1	2	2	2	7.34	5.97	NA
WGS0531	61	156.7	31.3	14	2	8.78	21.45	10	0	0	1	2	2	2	8.81	6.77	NA
WGS0532	54	143.7	28.7	13.8	1	6.3	20.33	9	0	0	1	2	2	2	7.63	4.63	NA
WGS0533	72	NA	NA	NA	NA	NA	NA	NA	NA	NA	NA	2	NA	NA	7.63	4.21	NA
WGS0534	44	90.7	28	13.7	6	6.07	17.7	7	0	0	1	2	2	2	3.51	2.14	NA
WGS0535	39	85.7	34.7	14.2	4	4.85	17.5	6	2	0	3	4	2	3	2.72	1.74	NA
WGS0536	47	101.7	28.7	10.3	1	6.56	23.82	9	0	0	1	2	3	2	8.55	6.03	NA
WGS0537	43	80.3	26.7	15.5	4	5.76	14.66	7	2	0	3	2	2	3	6.58	4.91	NA
WGS0538	40	72.3	25.8	9.2	4	4.99	15.54	5	2	0	4	2	3	3	5.15	3.79	NA
WGS0539	34	62	24.8	7.7	7	3.92	9.48	4	3	1	5	2	2	2	1.04	0.54	NA
WGS0540	42	61.7	19.7	9.7	1	5.38	20.1	6	0	0	1	2	2	2	6.26	4.32	NA
WGS0541	49	93	22.2	12.8	1	5.91	20.2	9	0	0	1	2	2	2	6.94	4.88	NA
WGS0542	51	98.3	21.3	13	1	6.18	19.44	10	2	0	3	2	2	2	6.93	4.02	NA
WGS0543	54	48.3	10.7	11.3	1	6.13	18.28	10	2	0	3	2	2	2	4.58	2.92	NA
WGS0544	50	74	16	14	1	6.04	19.66	8	1	0	2	2	2	2	6.51	4.26	NA
WGS0545	47	97.3	21.3	16.2	1	6.54	15.82	9	1	0	2	2	2	3	7.32	4.46	NA
WGS0546	51	102.3	23.7	13.3	2	6.32	16.62	9	2	0	3	2	2	2	8.24	5.51	NA
WGS0547	45	74	20.7	15.3	2	5.51	16.96	7	0	0	1	2	2	2	6.22	4.48	NA
WGS0548	42	89	20.7	15.2	1	5.31	16.28	8	1	0	2	3	2	2	6.34	4.45	NA
WGS0549	44	86	30.7	15.8	6	5.72	16.6	8	1	0	3	2	2	3	7.12	5.43	NA
WGS0550	43	85	22.5	16	4	5.28	17	7	0	0	1	3	3	3	6.56	4.73	NA
WGS0551	45	85.3	18.3	15.3	1	5.97	18.6	7	0	0	1	2	2	2	7.54	4.93	NA
WGS0552	40	63.3	21.3	10.7	1	5.32	19.2	7	0	0	1	3	3	3	4.59	3.2	NA
WGS0553	49	87	19	18.5	2	5.57	17.64	8	2	0	3	2	2	2	7.51	5.79	NA
WGS0554	45	95.3	23.7	13.2	6.1	6.57	16	8	2	0	3	3	2	2	7.4	5.31	NA
WGS0555	49	101.3	19.3	17.8	1	6.51	19.22	9	1	0	2	2	2	2	7.68	5.63	NA
WGS0556	50	97.7	21.2	16.7	1	5.61	18.2	9	0	0	1	4	3	3	7.79	5.45	NA
WGS0557	41	89.7	30.3	15.8	1	5.3	19.02	7	0	0	1	2	2	2	5.96	4.27	NA
WGS0558	43	95.3	27	14.7	1	6.13	16.24	7	1	0	2	3	2	2	7.44	5.31	NA
WGS0559	50	89.3	20.8	14.3	1	6.19	18.48	9	1	0	2	3	2	2	7.98	6.15	NA
WGS0560	55	122	26.3	12.3	2	7.17	27.8	10	0	0	1	3	2	2	12.59	9.58	NA
WGS0561	49	97.7	20.7	17.7	1	6.57	19.66	9	0	0	1	4	3	3	11.06	7.1	NA
WGS0562	32	77.7	37.7	12.3	1	4.42	12.46	5	0	0	1	3	2	2	1.47	0.63	NA
WGS0563	36	69.7	30	14	1	5.43	15.2	5	0	0	1	2	2	2	3.33	1.31	NA
WGS0564	39	85.7	32	15.3	2	5.52	18.76	7	1	0	2	2	2	3	6.17	4.09	NA
WGS0565	44	87.7	30.7	11.7	1	5.71	19.58	8	1	0	2	3	2	3	8.61	5.56	NA
WGS0566	34	77.3	31.3	10	1	4.52	12.42	5	0	0	1	5	3	3	2.65	1.61	NA
WGS0567	30	61	32.7	6.3	4	3.16	8.65	4	2	1	3	5	3	3	1.32	1.03	NA
WGS0568	37	72.7	27.8	13.2	1	5.2	13.48	6	2	0	3	2	2	2	4.62	3.1	NA
WGS0569	30	60.3	29.7	10.2	1	5.2	15.18	5	1	2	3	4	2	2	2.07	1.02	NA
WGS0570	39	72.7	34	17.7	4	4.58	11	5	0	0	1	2	2	3	3.1	2.09	NA
WGS0571	40	78.7	36.7	9.8	1	5.85	16.9	6	0	0	1	5	3	3	4.31	3.35	NA
WGS0572	41	87.3	32.7	17.2	4	5.55	19.74	7	0	0	1	2	2	2	5.62	4.23	NA
WGS0573	40	87.2	36.5	16	2	5.17	18.18	6	0	0	1	5	3	2	7.4	5.47	NA
WGS0574	34	71.3	37.7	14.3	2	4.19	11.38	4	0	0	2	3	2	32	2.66	1.5	NA
WGS0575	32	60.3	29.7	6.8	3	4.37	13.24	3	2	1	3	3	2	3	2.15	1.56	NA
WGS0576	31	74	32.7	11	1	4	11.88	4	0	0	1	4	3	3	2.4	1.87	NA
WGS0577	38	73	30.5	13.3	2	5.54	14.52	5	0	0	1	2	3	3	4.85	3.47	NA
WGS0578	31	68	32.7	10.8	2	4.95	8.82	4	2	1	4	2	2	2	1.67	1.29	NA
WGS0579	40	74	24.7	13.2	3	4.47	13.08	6	1	1	3	3	3	2	3.72	2.16	NA
WGS0580	48	100.7	25.3	18	4	6.88	20.26	7	0	0	1	5	3	3	12.1	9.33	NA
WGS0581	45	82.7	24.3	20	3	6.63	19.7	7	0	0	1	2	2	3	11.12	8.58	NA
WGS0582	37	71.5	28.8	11.5	2	4.59	13.46	5	0	0	1	4	3	3	3.4	2.42	NA
WGS0583	25	78.3	34.3	11.3	2	4.66	11.72	5	0	0	1	3	2	2	2.72	2.11	NA
WGS0584	41	90.7	28	12.8	1	6.05	17.6	7	0	0	1	5	3	3	8.91	6.65	NA
WGS0585	43	77.7	30.7	13.8	3	5.5	17.58	6	0	0	1	3	2	3	6.28	4.48	NA
WGS0586	41	84	31	17.2	3	5.49	17.68	6	0	0	1	3	2	3	4.95	3.04	NA
WGS0587	36	75.3	26.8	14.3	2	4.89	16.54	6	0	0	1	3	2	2	5.84	4.39	NA
WGS0588	36	60.7	26.3	10.7	1	4.57	16.7	6	1	2	3	3	2	2	3.88	2.5	NA
WGS0589	36	72.2	29.3	10.7	7	4.31	14.42	5	1	2	4	2	2	3	4.52	3.31	NA
WGS0590	35	66	34	8.8	1	3.72	15.2	4	0	1	2	3	2	3	4.52	3.2	NA
WGS0591	42	96	32	11.3	1	6.26	17.48	7	0	0	1	3	3	3	6.96	5.84	NA
WGS0592	41	79.7	32	15.7	2	5.2	19	6	0	0	1	2	2	2	7.14	5.71	NA
WGS0593	44	69	26.7	12	1	5.74	18.06	7	0	0	1	2	2	3	4.51	3.1	NA
WGS0594	41	56	25	10	3	3.75	11.58	5	3	0	4	4	3	3	3.45	2.82	NA
WGS0595	43	59.7	26.3	11.5	1	4.6	10.3	5	0	0	1	3	2	2	1.53	0.65	NA
WGS0596	43	73	21.3	13.8	3	5.44	16.98	7	1	0	3	2	2	3	7.26	5.65	NA
WGS0597	50	90	26	13	1	6.2	17.98	8	0	0	1	3	2	2	8.98	6.93	NA
WGS0598	47	82.7	26.7	12.7	1	6.11	21.12	9	1	0	2	2	2	2	7.08	5.47	NA
WGS0599	36	62.3	28	8.7	2	4.23	14.88	5	0	0	1	2	2	2	1.36	0.46	NA
WGS0600	41	71.7	25.3	14	5	4.91	17.52	6	0	0	1	2	2	3	6.42	4.64	NA
WGS0601	44	92	34	17.2	1	5.98	20.62	7	0	0	1	4	3	3	11.58	8.36	NA
WGS0602	41	76	30.3	11.7	4	5.34	18.38	6	1	0	2	2	2	3	6.35	4.74	NA
WGS0603	46	77.7	23.3	12.3	1	5.77	16.8	8	0	0	1	3	2	2	5.92	4.27	NA
WGS0604	41	73.7	29.3	15.3	3	5.4	18.02	6	0	0	1	4	3	3	6.43	4.88	NA
WGS0605	34	60.3	25.7	12	1	4.97	14.12	5	1	0	2	2	2	3	2.22	0.8	NA
WGS0606	43	76.7	25.3	17.7	1	6.04	16.92	7	0	0	1	2	2	2	8	5.78	NA
WGS0607	37	72.3	27	13.5	1	5.23	13.46	5	0	0	1	3	2	3	3.06	1.46	NA
WGS0608	43	76.3	25.3	14	3	5.06	18.24	8	1	0	2	2	2	2	6.91	4.6	NA
WGS0609	43	74.2	22.8	12	3	5.13	19.68	7	1	0	2	2	2	2	6.7	4.4	NA
WGS0610	44	68	26.3	13	3	4.83	15.1	6	0	0	1	2	2	2	5.78	4.38	NA
WGS0611	37	75.7	22.8	12	3	6.55	19.66	8	0	0	1	2	2	2	6.76	3.88	NA
WGS0612	54	85	27.7	12.5	3	6.42	22.28	8	0	0	1	3	2	2	11.78	7.79	NA
WGS0613	43	79	27.7	13.3	2	4.81	16.46	6	1	0	3	4	3	3	6.02	4.77	NA
WGS0614	50	96.7	25	13.3	3	5.99	16.68	9	1	0	3	3	2	2	6.54	4.58	NA
WGS0615	50	98	29.5	11.8	4	5.87	16.26	9	2	0	3	2	2	2	5.1	2.88	NA
WGS0616	43	69.3	24.7	12	2	5.28	18.08	6	0	0	1	2	2	3	5.41	3.81	NA
WGS0617	37	59.3	25.3	10.5	3	4.21	16	5	0	0	1	5	3	3	5.37	4.04	NA
WGS0618	40	67.3	27	12	1	5.3	16.82	6	0	0	1	4	3	3	5.14	3.64	NA
WGS0619	41	83.3	27.3	14.3	1	5.34	17.54	6	0	0	1	2	2	3	7.11	5.3	NA
WGS0620	45	87.3	24.8	13.3	1	5.66	18.5	7	0	0	1	4	3	3	7.39	5.59	NA
WGS0621	45	89.3	25	17.7	5	5.86	18.88	8	0	0	1	4	3	3	9	7.11	NA
WGS0622	42	80.3	28.3	12.2	1	5.45	21.78	7	0	0	1	2	2	2	6.19	4.55	NA
WGS0623	37	63.7	18	15.3	3	4.71	18	6	0	0	1	2	3	3	5.66	4.33	NA
WGS0624	34	58.3	29.7	9.2	1	4.46	15.42	5	1	2	4	3	3	3	2.03	1.02	NA
WGS0625	45	91	24.8	16.5	3	5.58	16.88	7	2	0	3	5	3	3	9.1	6.94	NA
WGS0626	46	94.3	23.8	14.8	1	6.34	17.88	8	1	0	2	2	3	3	5.96	4.66	NA
WGS0627	38	67.3	27.3	11.8	1	4.76	21.1	6	0	0	1	2	2	2	4.77	3.34	NA
WGS0628	45	77.7	22.7	19.7	5	5.03	16.62	6	1	0	2	3	3	3	8.16	6.36	NA
WGS0629	46	88.7	23	17	4	5.49	18	8	0	0	1	2	2	2	8.34	6.46	NA
WGS0630	42	82.3	28.3	12	1	5.35	16.12	7	0	0	1	2	2	2	5.88	4.37	NA
WGS0631	46	83.7	25.3	12.2	1	5.38	17.3	8	1	0	2	3	2	2	9.45	7.34	NA
WGS0632	46	92.3	28.2	13.5	1	5.67	20.82	8	0	0	1	2	3	3	4.87	2.88	NA
WGS0633	45	93	26	14.5	1	6.34	23.6	8	0	0	1	2	2	3	4.66	2.78	NA
WGS0634	39	67.3	23	11	2	3.86	13.82	5	2	0	3	2	2	3	2.97	2.4	NA
WGS0635	41	84.3	31.3	14.3	2	4.7	16.88	7	0	0	1	2	2	2	2.78	0.85	NA
WGS0636	52	102.3	26.7	12.2	3	7.01	22.52	9	0	0	1	3	2	2	11.4	9.37	NA
WGS0637	47	82.3	24.5	16.7	5	6.24	18.5	7	1	0	2	2	2	3	8.96	6.94	NA
WGS0638	42	76.7	29.3	15.7	1	6.65	17.66	7	0	0	1	2	2	3	6.95	5.35	NA
WGS0639	47	93.3	18.8	14.2	1	5.66	17.68	9	3	0	4	4	3	2	6.65	5.13	NA
WGS0640	42	87.7	27.7	12	1	5.76	19.6	8	1	0	2	4	3	3	7.09	5.65	NA
WGS0641	40	70.7	28	15.7	1	6.17	13.88	6	0	0	1	4	3	3	5.41	4.24	NA
WGS0642	51	102	22.5	13.3	3	7.28	30.46	9	0	0	1	3	2	2	11.51	8.56	NA
WGS0643	47	88	26	8.7	1	5.29	18.18	8	0	0	1	4	3	3	4.77	3.65	NA
WGS0644	50	105.3	24.2	14.2	1	6.37	20.8	9	0	0	1	3	2	2	8.01	6.25	NA
WGS0645	47	100.3	26.7	13.8	1	6.51	21.1	9	0	0	1	2	2	2	9.33	6.11	NA
WGS0646	45	97.3	27.3	14	2	6.54	19.32	8	1	0	2	2	2	2	7.97	5.83	NA
WGS0647	38	75.3	22.3	12.3	2	5.76	18.2	8	0	0	1	3	2	2	6.25	4.17	NA
WGS0648	56	104.3	27.3	15.5	1	7.11	20.6	9	1	0	2	2	2	2	10.69	8.79	NA
WGS0649	41	86	29	13.3	2	5.79	17.46	7	0	0	1	2	2	3	7.62	5.35	NA
WGS0650	36	60.7	26	13	1	5.1	16.4	5	0	0	1	2	2	2	3.57	2.5	NA
WGS0651	50	95.3	25.8	12.3	1	6.32	19.48	8	1	0	2	3	2	2	7.02	5.39	NA
WGS0652	48	98	27.3	14.5	3	7.18	19.1	9	0	0	1	2	2	3	8.31	6	NA
WGS0653	49	97	25	16	1	6.75	18.36	9	0	0	1	2	2	3	8.44	5.44	NA
WGS0654	42	73.3	26.3	15	2	5.42	18.54	7	1	0	2	2	2	2	3.9	2.78	NA
WGS0655	55	97	21.3	16.7	5	6.3	18.08	8	1	0	2	3	2	2	10.31	7.77	NA
WGS0656	48	97	24.3	13.2	2	6.27	18.24	8	2	0	3	2	2	3	8.86	6.97	NA
WGS0657	49	98.3	24	13.7	1	6.84	20.2	9	2	0	3	4	3	3	4.63	2.77	NA
WGS0658	43	77.7	28	12	1	5.38	16.88	7	0	0	1	4	3	3	5.47	4.04	NA
WGS0659	49	99.3	25.8	16.5	5	5.88	16.2	8	0	0	1	2	2	3	6.92	4.88	NA
WGS0660	44	86.7	25.7	19.5	4	6.12	15.32	6	0	0	1	4	2	3	6.9	4.8	NA
WGS0661	47	89	24.7	13.3	1	6.16	19.52	9	2	0	3	3	2	2	7.09	5.49	NA
WGS0662	54	102	20.3	13.7	1	6.28	17.26	9	1	0	2	2	2	3	8.85	7.22	NA
WGS0663	48	98	24.7	14.8	1	6.53	14.42	8	0	0	1	4	3	2	6.56	5.3	NA
WGS0664	44	88	29	14.2	1	5.41	20.18	8	0	0	1	2	2	3	6.6	5.01	NA
WGS0665	46	97.7	30	16	3	5.7	17.78	8	0	0	1	2	2	3	7.99	5.72	NA
WGS0666	49	105	26.3	13.5	1	6.37	16.88	9	1	0	2	4	3	3	5.81	4.4	NA
WGS0667	45	74.7	25.3	15.5	2	5.53	16.58	7	2	0	3	2	2	2	9.6	7.79	NA
WGS0668	45	82.3	22.7	11	1	5.95	18.88	7	2	0	3	4	3	2	6.11	4.67	NA
WGS0669	46	89.3	27	16.2	2	6.83	18.12	8	1	0	2	2	2	2	7.45	5.12	NA
WGS0670	47	100.7	28.7	16.2	1	6.52	17.14	8	1	0	2	4	3	3	7.11	5.74	NA
WGS0671	48	97.3	26.3	13.7	1	5.55	16.54	8	1	0	2	2	2	3	6.97	5.57	NA
WGS0672	46	86.7	19.3	11.3	3	5.32	21.94	8	2	0	3	2	2	2	6.83	5.37	NA
WGS0673	47	78.7	21	15.2	3	5.9	12.14	7	1	0	2	4	3	3	5.57	4.46	NA
WGS0674	41	89.7	27	19.8	1	5.17	14.4	7	1	0	2	2	2	3	5.7	4.48	NA
WGS0675	46	88.7	26	9.7	1	6.22	21.58	8	0	0	1	4	3	3	6.99	5.46	NA
WGS0676	50	96.7	27	9.2	1	6.65	21.64	10	2	0	3	2	2	2	6.15	4.49	NA
WGS0677	47	85.3	20.3	10.3	3	5.3	18.44	9	1	0	2	2	2	3	5.62	3.99	NA
WGS0678	53	104	21	16.8	6	5.95	18.36	10	0	0	1	2	2	2	11.42	9.15	NA
WGS0679	46	91	24.3	12.8	4	5.52	17.16	8	3	0	4	2	2	3	8	6.13	NA
WGS0680	47	82.3	27.3	12.2	4	5.46	16.18	9	0	0	1	2	2	3	5.03	3.57	NA
WGS0681	49	102	24.7	11.8	1	5.72	18.54	9	0	0	1	4	3	3	4.94	3.67	NA
WGS0682	54	107.7	25.8	18	1	7.13	23.34	9	0	0	1	4	3	3	9.3	6.49	NA
WGS0683	50	100.7	17.3	16.2	3	6.84	25.9	8	3	0	4	4	3	3	12.13	8.3	NA
WGS0684	49	111	24.7	17.8	1	6.27	18.02	8	1	0	2	4	3	3	9.06	7.28	NA
WGS0685	50	105.7	24	15.3	1	6.18	20.08	9	1	0	2	2	2	2	5.59	4.35	NA
WGS0686	43	89	31.7	13.7	4	5.73	19.04	6	1	0	2	2	2	3	8.63	6.66	NA
WGS0687	43	90.3	22.3	16.3	5	5.31	15.34	7	0	0	1	2	3	3	5.41	4.18	NA
WGS0688	39	81	27	13.2	1	6.14	17.78	7	0	0	1	4	3	3	4.19	1.79	NA
WGS0689	38	86	30	12	1	5.71	11.58	5	2	0	3	2	2	3	2.94	2.27	NA
WGS0690	42	86.7	28	16.8	4	6.9	18.5	7	1	0	2	2	2	3	5.83	3.79	NA
WGS0691	41	102	24.5	16.5	3	6.35	22.5	9	1	0	2	2	2	3	7.96	4.83	NA
WGS0692	36	83.3	29.7	16	2	5.13	14.32	5	1	0	2	4	3	3	1.85	0.75	NA
WGS0693	36	76.3	29.7	13.5	2	4.81	15.86	5	0	0	2	3	3	3	2.45	0.67	NA
WGS0694	34	71	26.3	10.3	1	5.15	18.6	5	0	0	1	4	3	3	3.74	2.32	NA
WGS0695	36	62	18.7	13	3	5.52	15.26	6	2	0	3	3	3	3	4.35	2.99	NA
WGS0696	44	91.7	29.3	12.7	1	6.31	16.88	7	1	0	2	2	2	2	7.92	6.32	NA
WGS0697	46	91.3	21.5	12.3	2	6.3	18.64	7	0	0	1	3	2	2	7.05	5.05	NA
WGS0698	45	94.3	24	14.7	1	6.47	17.18	8	0	0	1	4	3	3	6.84	5.03	NA
WGS0699	39	64.7	25.3	12	2	5.13	16.8	6	1	0	2	NA	3	3	4.57	3.21	NA
WGS0700	41	81	29.7	13.8	2	5.62	16.92	6	2	0	3	2	2	2	6.34	4.78	NA
WGS0701	56	109.7	20.3	17.8	1	7.55	21.34	9	1	0	2	2	2	2	13.94	9.65	NA
WGS0702	48	106.7	29.3	15	4	6.83	19.82	9	0	0	1	2	2	2	7.03	4.96	NA
WGS0703	39	70.3	24.3	14	3	4.87	15.8	5	1	0	2	5	3	3	3.3	1.88	NA
WGS0704	58	114	25	15.7	1	7.39	15.42	8	1	0	2	2	2	3	7.69	5.42	NA
WGS0705	51	98	20.7	17.8	1	6.13	18.48	9	2	0	3	2	2	3	5.46	3.36	NA
WGS0706	55	93.3	21	18.8	2	7.91	24.7	10	0	0	1	2	2	2	11.58	8.43	NA
WGS0707	42	73.3	23.7	10.5	1	5.5	17.8	6	1	0	2	4	3	3	5.85	4.34	NA
WGS0708	47	77	29	10.7	2	4.9	18.28	6	0	0	1	2	2	2	4.48	2.73	NA
WGS0709	40	65	25	11.7	2	4.26	14.94	5	1	0	2	4	3	3	4.41	3.12	NA
WGS0710	44	82	24.7	19	3	5.57	18.04	7	1	0	2	2	2	3	8.77	6.55	NA
WGS0711	39	72	28.3	15.7	2	5.12	16.92	5	0	0	1	4	3	3	4.38	1.75	NA
WGS0712	37	76	25	12.7	3	4.64	14.64	5	1	0	2	4	3	3	3.42	1.8	NA
WGS0713	47	97.3	33.7	13.8	4	6.18	26.58	7	0	0	1	2	2	3	9.41	5.81	NA
WGS0714	51	104	20.7	16	4	6.7	22.1	9	1	0	2	2	2	3	9.11	3.91	NA
WGS0715	48	103.3	28	16.2	3	6	12.66	9	0	0	1	2	2	3	8.53	6.02	NA
WGS0716	51	102.3	26	16.7	1	7.56	23.38	9	0	0	1	2	2	2	11.93	8.16	NA
WGS0717	35	71	29.3	12.7	2	4.76	17.56	5	1	0	2	2	2	2	3.91	2.65	NA
WGS0718	47	100	23.5	16.8	1	6.45	19.6	9	0	0	1	2	2	3	10.99	8.07	NA
WGS0719	29	55.3	25.2	9	1	5.49	12.58	4	1	1	3	2	2	3	0.78	0.13	NA
WGS0720	42	76.3	26.7	15.7	4	5.98	19.52	6	0	0	1	2	2	3	7.82	5.71	NA
WGS0721	35	62	25	11	2	4.36	16.98	5	0	1	2	3	3	3	3.72	1.67	NA
WGS0722	43	73.3	25.7	16.3	3	6.24	16.2	7	0	0	1	2	2	3	5.25	3.64	NA
WGS0723	41	72	25	11.3	1	6.22	14.06	7	0	0	1	2	2	3	3.25	1.59	NA
WGS0724	31	52.7	24.7	7.3	1	3.92	12.3	4	1	0	2	4	3	3	0.76	0.17	NA
WGS0725	36	72	26.3	12.7	2	4.61	14.74	6	0	0	1	2	2	3	2.47	0.62	NA
WGS0726	34	72	23	11.2	1	4.88	18.12	6	0	0	1	2	2	3	2.63	0.94	NA
WGS0727	35	64.8	24	10.7	2	3.3	13.04	6	0	0	1	2	2	3	2.85	1.87	NA
WGS0728	36	69.3	24	12	4	4.19	16.04	6	0	0	1	2	2	3	2.74	1.24	NA
WGS0729	36	73	31.3	14	1	4.63	16.68	5	0	0	1	2	3	2	4.04	2.49	NA
WGS0730	36	58.3	27.7	7.3	1	3.94	14.44	4	0	0	1	2	2	3	2.87	1.97	NA
WGS0731	35	72	26.3	10	1	4.16	16.68	5	0	0	1	3	2	2	5.24	3.41	NA
WGS0732	37	70.3	19.7	12.7	2	4.46	12.36	6	0	0	1	3	2	3	0.91	0.28	NA
WGS0733	31	60.3	31.3	8.3	1	3.76	15.7	4	0	1	2	3	2	2	2.28	1.34	NA
WGS0734	35	54.7	24.3	10.5	1	3.28	12.68	4	1	2	4	3	2	3	1.78	0.48	NA
WGS0735	35	64.7	30.7	9.3	1	3.95	16.88	5	0	0	1	3	3	2	2.99	0.98	NA
WGS0736	36	70	27.3	11	1	3.65	14.96	5	0	0	1	4	3	3	3.34	2.56	NA
WGS0737	36	70	27.3	9.5	1	4.04	17.76	5	0	0	1	4	3	3	2.43	1.58	NA
WGS0738	37	71	25.3	14.7	3	4.8	14.78	6	0	0	1	4	3	3	2.13	1.22	NA
WGS0739	36	66.7	26.3	13	2	3.92	6.28	5	0	0	1	4	3	3	1.57	0.8	NA
WGS0740	41	80.7	22.7	18.2	5	6.17	15.96	7	0	0	1	2	2	3	6.33	4.06	NA
WGS0741	41	76	27.3	16.8	5	5.42	17.74	6	0	0	1	2	2	3	7.19	3.68	NA
WGS0742	34	66	28.7	10	1	4.42	10.96	5	0	0	1	2	2	2	2.71	1.43	NA
WGS0743	35	55.3	25.3	8.7	2	4.33	13.68	5	2	2	4	4	3	3	2.94	2.19	NA
WGS0744	39	66.3	28.3	11.5	1	5.09	16.14	6	0	0	1	2	2	3	5.46	4.21	NA
WGS0745	41	79.3	23	13.2	5	5.06	19.42	7	1	0	2	2	3	2	3.8	0.9	NA
WGS0746	43	67.7	21.3	11.5	3	4.38	16.72	6	0	0	1	4	3	3	5.67	3.95	NA
WGS0747	42	81	28	14.2	2	5.39	21.1	7	0	0	1	2	2	3	7.09	4.49	NA
WGS0748	39	66.7	22.8	10.7	1	3.93	16.22	6	0	0	1	2	2	2	4.74	3.33	NA
WGS0749	43	89	24.2	12.5	1	6.16	17.94	8	0	0	1	2	2	3	5.62	4.32	NA
WGS0750	57	109.7	20	18.3	1	7.35	20.04	8	0	0	1	3	2	2	13.98	10.3	NA
WGS0751	56	119.3	25.2	16	3	7.02	19.92	9	0	0	1	3	2	2	11	7.88	NA
WGS0752	48	103	30.3	15.5	2	5.87	15.92	8	0	0	1	4	3	3	7.68	5.77	NA
WGS0753	51	101	20.3	12	2	6	17.34	8	1	0	2	2	2	3	2.59	0.63	NA
WGS0754	45	102.7	26.8	11.3	2	5.67	12.3	9	2	0	3	3	3	2	6.51	4.84	NA
WGS0755	50	111	26.8	13.7	3	5.86	19.3	10	1	0	2	2	2	2	9.48	6.76	NA
WGS0756	49	93.3	21.5	12.8	3	6.19	21.22	9	0	0	1	4	3	3	6.67	4.88	NA
WGS0757	47	96.7	21.5	13.3	2	5.58	15.28	9	1	0	2	4	3	3	5.24	3.59	NA
WGS0758	42	74.7	24.7	13.3	1	4.56	11.22	7	1	0	2	2	2	2	2.67	1.97	NA
WGS0759	46	90.7	23.3	11.8	1	5.59	14.42	8	1	0	4	4	3	3	4.95	3.95	NA
WGS0760	50	102.3	20.3	18	5	6.15	16.52	9	1	0	2	2	2	2	7.08	4.99	NA
WGS0761	54	114	22	14.2	1	6.69	19.38	9	1	0	2	2	2	2	4.47	1.71	NA
WGS0762	51	111.3	22.7	14.2	1	5	15.9	9	3	0	4	2	2	3	5.05	3.31	NA
WGS0763	47	99	25.3	16.2	1	5.59	16.3	8	1	0	2	2	2	2	6.52	4.81	NA
WGS0764	49	103.7	24	11.3	3	5.13	17.78	8	2	0	3	2	2	2	5.88	4.49	NA
WGS0765	49	98	20.8	23.5	3	6.74	17.32	8	1	0	2	2	2	2	11.27	8.34	NA
WGS0766	39	74.7	29.8	12.7	1	5.06	16.54	6	0	0	1	4	3	3	4.35	2.5	NA
WGS0767	42	80.3	27.3	16.5	1	6.1	15.6	7	0	0	1	2	2	2	3.08	1.79	NA
WGS0768	40	82.3	24	14.7	1	5.18	18.7	7	0	0	1	2	2	2	7.59	5.66	NA
WGS0769	53	91.7	23	11.8	3	5.94	22.9	9	0	0	1	2	2	3	11.23	7.52	NA
WGS0770	39	64.3	25.3	15	4	4.21	16.98	5	0	0	1	2	2	2	6.47	4.95	NA
WGS0771	50	83.7	22.7	15	2	4.75	17.44	7	2	0	3	5	2	3	8.65	6.09	NA
WGS0772	48	82.3	29.7	12	4	5.14	15.72	8	1	0	2	2	2	2	6.04	4.09	NA
WGS0773	32	53.3	22.3	9.5	1	3.79	17.12	5	0	0	1	2	2	3	4.39	2.23	NA
WGS0774	51	89.3	32	13.8	5	5.34	16.86	9	0	0	1	3	2	2	8.45	5.79	NA
WGS0775	36	61.7	29.2	11.8	1	3.87	17.8	6	0	0	1	3	3	2	5.91	3.8	NA
WGS0776	36	51.3	23	9.8	1	5.4	16.88	5	0	2	1	2	2	3	6.95	4.39	NA
WGS0777	38	71.7	32.7	10	1	4.39	16.82	6	0	2	1	3	2	2	3.64	2.07	NA
WGS0778	40	73.3	36.2	13.2	1	4.33	18.04	6	0	0	1	2	2	2	7.07	5.26	NA
WGS0779	47	84.7	25.7	12.3	1	5.39	17.6	9	0	0	1	2	2	2	9.37	6.44	NA
WGS0780	44	69.7	18.8	10	1	5.64	22.46	8	0	0	1	4	3	3	10.62	7.59	NA
WGS0781	39	70.3	34.7	10	1	4.21	15.54	6	0	0	1	2	2	2	5.54	3.62	NA
WGS0782	41	65.3	30	11.5	1	5.4	17.74	6	0	0	1	2	2	2	8.28	5.37	NA
WGS0783	38	62.7	26.5	10.9	1	4.17	14.46	6	1	2	3	5	3	3	3.16	1.72	NA
WGS0784	43	84	27.7	13	1	4.84	16.86	7	0	0	1	2	2	2	8.06	4.76	NA
WGS0785	44	80	30.3	18.5	1	5.47	17.64	7	0	0	1	2	2	3	8.3	5.5	NA
WGS0786	44	70	27.7	14.8	1	4.93	14.5	6	0	0	1	5	3	3	6.46	4.26	NA
WGS0787	44	48.3	8.5	10	1	5.19	17.82	4	3	3	7	2	2	2	8.5	6.16	NA
WGS0788	41	71.7	29	12.8	1	4.34	14.86	6	2	0	3	2	2	3	5.54	3.6	NA
WGS0789	32	56.7	21.7	8.5	1	3.77	17.02	5	1	0	1	2	2	2	4.01	2.42	NA
WGS0790	46	76.3	24.3	10.3	1	4.47	15.94	8	0	0	1	5	3	3	5.03	3.48	NA
WGS0791	47	70.7	25.2	12.5	4	5.09	14.9	7	1	0	2	5	3	3	5.56	4.04	NA
WGS0792	46	77.7	31.2	12	3	5.48	16.86	7	0	0	1	5	3	3	5.49	3.62	NA
WGS0793	45	75.7	23.5	14.8	2	4.6	9.74	7	0	0	1	5	3	3	1.85	1.18	NA
WGS0794	46	80.7	32.3	11.3	2	6.27	17.02	8	1	0	2	5	3	3	6.69	5.06	NA
WGS0795	50	74.7	18.5	15.3	5	5.51	17.06	9	0	0	1	3	2	2	7.07	4.95	NA
WGS0796	43	83.3	31.7	10.5	2	5.59	18.24	7	0	0	1	2	2	2	7.4	4.34	NA
WGS0797	42	89.7	32.3	14.3	2	4.84	18.74	7	0	0	1	2	2	3	7.3	4.39	NA
WGS0798	41	76	30.3	13.8	2	4.72	15.58	6	0	0	1	4	3	3	5.9	4.28	NA
WGS0799	39	56.7	28	10	1	4.28	14.82	6	0	0	1	2	2	3	4.99	3.83	NA
WGS0800	51	78.7	24	16	4	5.87	17.82	8	0	0	1	3	3	2	5.47	3.19	NA
WGS0801	32	79	32	15.3	4	3.69	16.29	6	2	0	3	4	3	3	6.32	4.89	NA
WGS0802	31	77	35.7	10.3	1	5.1	16.5	5	0	0	1	5	3	3	5.63	4.53	NA
WGS0803	31	124	53.3	13.5	1	6.22	17.04	7	0	0	1	5	3	3	7.11	5.86	NA
WGS0804	36	69.7	24.3	14	4	3.76	20.51	6	2	1	3	2	2	2	6.74	5.22	NA
WGS0805	36	69.3	26.7	14.2	3	4.03	18.63	6	2	0	3	2	2	2	5.61	4.13	NA
WGS0806	28	48.7	24	7.7	4	2.11	9.43	5	3	1	10	5	3	3	0.97	0.71	NA
WGS0807	35	75	28.7	10.3	1	3.58	14.34	6	0	4	5	4	3	2	7.81	5.99	NA
WGS0808	50	85.7	24	16.8	7	3.33	16.12	8	4	0	5	2	2	2	5.26	4.15	NA
WGS0809	41	76.3	25.7	10.5	5	3.35	17.75	6	4	0	5	2	2	2	6.84	5.39	NA
WGS0810	33	67.3	24	14	6	2.39	14.66	5	3	1	8	2	2	2	2.91	2.21	NA
WGS0811	33	90.3	47.8	14.8	1	3.19	11.58	4	2	1	4	2	2	2	4.03	2.73	NA
WGS0812	37	75.7	30	7.5	5	3.07	11.77	5	16	3	23	2	2	2	2.05	1.45	NA
WGS0813	48	92.7	26.7	14	3	4.48	15.01	8	2	0	3	2	2	2	5.05	3.26	NA
WGS0814	31	68.3	31.7	11.8	2	3.73	12.62	5	0	0	1	4	3	2	5.26	4.11	NA
WGS0815	30	63	28.7	12	1	3.91	16.64	5	0	4	5	3	3	2	4.58	3.04	NA
WGS0816	57	95.3	20.3	15.2	5	5.64	23.76	10	5	1	6	2	2	2	7.82	4.41	NA
WGS0817	26	40	20.7	6	5	2.14	11	4	2	5	13	5	3	3	1.7	1.34	NA
WGS0818	32	86.7	36.3	10.2	1	4.03	17.7	6	2	1	4	3	3	2	6.03	4.9	NA
WGS0819	48	91.3	23.7	17.5	3	6.18	25.66	9	0	0	1	5	3	3	13.15	8.01	NA
WGS0820	35	101.3	43.3	17.8	3	4.34	23.73	6	0	0	1	5	3	2	8.75	7.08	NA
WGS0821	44	82.7	26	18.7	4	6.11	29.17	8	0	0	1	2	2	2	12.6	8.91	NA
WGS0822	41	96	28	16	2	5.77	18.86	7	1	0	2	2	2	2	6.11	4.28	NA
WGS0823	53	114.7	26	16	1	6.43	19.69	10	0	0	1	2	2	2	7.53	5.78	NA
WGS0824	67	127.3	16	11	1	6.98	23.52	10	0	0	1	5	3	2	8.15	5.36	NA
WGS0825	67	131.3	20.7	11	1	6.02	23.18	10	0	0	1	5	3	2	7.38	5.85	NA
WGS0826	70	134.3	18	18	1	6.49	24.34	11	3	0	4	2	2	2	8.83	5.75	NA
WGS0827	67	133	28	20	1	6.57	21.84	11	1	0	2	2	2	3	6.09	3.62	NA
WGS0828	55	112.3	21.7	22	2	5.65	12.08	10	1	0	2	2	2	2	6.3	5.05	NA
WGS0829	55	107	25.3	21.3	2	4.69	10.97	9	1	0	2	2	2	2	7.51	6.29	NA
WGS0830	45	95	26.7	15.8	3	5.69	27.05	9	0	0	1	3	2	2	13.07	9.47	NA
WGS0831	31	79.7	34.7	10	1	3.98	20.16	6	0	0	1	3	3	2	3.83	2.77	NA
WGS0832	45	103	29.7	16.7	5	6.32	34.16	10	2	0	3	3	3	3	14.48	10.42	NA
WGS0833	33	83.3	34.3	15.7	5	4.27	22.3	5	1	0	2	2	2	2	5.2	3.38	NA
WGS0834	43	83.3	26.7	16	1	5.85	25.97	8	0	0	1	5	3	3	10.05	7.21	NA
WGS0835	NA	95.3	30	19.2	2	5.27	22.05	8	1	0	2	2	2	3	7.86	5.46	NA
WGS0836	80	121.3	20	16.7	6	7.3	27.11	11	0	0	1	3	2	2	9.37	5.18	NA
WGS0837	80	124.7	24	18.7	6	8.79	30.93	11	0	0	1	2	2	2	11.2	4.8	NA
WGS0838	49	98.3	23.7	19.2	1	5.5	20.14	9	0	0	1	2	2	2	10.64	8.92	NA
WGS0839	33	70	34	7.5	4	2.73	12.01	5	5	1	13	4	3	3	2.72	2.09	NA
WGS0840	32	74.3	36.7	15.2	2	4.26	12.84	5	1	0	2	4	3	3	5.98	4.81	NA
WGS0841	28	55.7	25.7	8.5	3	3.21	12.98	5	1	1	3	4	3	3	3.21	2.38	NA
WGS0842	24	56.2	32.5	7	3	2.49	11.89	4	1	1	6	4	3	2	1.87	1.48	NA
WGS0843	32	53.7	25.3	12.3	1	3.72	17.74	5	1	4	7	4	3	3	3.68	2.15	NA
WGS0844	26	64	34	6.5	1	3.29	14.84	4	0	4	4	2	2	2	2.67	1.53	NA
WGS0845	28	44.7	20.7	8.8	1	3.03	13.32	5	0	0	1	2	2	2	4.48	3.44	NA
WGS0846	27	46.7	18	8.3	3	3.15	14.12	4	0	4	4	4	3	3	3.46	2.36	NA
WGS0847	33	94	39.3	16.8	3	3.99	16.56	6	0	0	1	5	3	3	7.84	5.42	NA
WGS0848	31	66	31	9	1	2.99	12.59	6	0	1	2	4	3	3	3.58	2.57	NA
WGS0849	26	51.7	26.3	7.2	2	2.42	10.33	4	0	3	4	3	3	3	2.06	1.6	NA
WGS0850	26	49.7	24.3	7	3	3.35	12.66	5	1	12	29	5	3	3	1.85	1.37	NA
WGS0851	32	54.7	23.3	9.8	4	3.64	13.41	5	0	2	3	5	3	2	4.38	3.57	NA
WGS0852	32	72.7	35	10.5	6	3.64	14.84	4	0	0	1	5	3	2	4.55	2.9	NA
WGS0853	32	67	34	14.5	3	3.98	13.71	4	1	0	2	3	3	3	4.58	3.37	NA
WGS0854	36	68	32	10.8	3	5.14	22.55	6	0	0	1	4	3	3	7.04	4.97	NA
WGS0855	55	88.3	23.7	17.8	3	6.94	18.69	9	2	0	3	2	2	2	7.99	6.39	NA
WGS0856	NA	83.7	22	14.2	7	4.33	13.66	7	2	1	4	2	2	2	4.99	3.49	NA
WGS0857	32	61.3	27.7	8.7	3	3.03	15.59	6	0	0	1	2	2	2	4.1	3.18	NA
WGS0858	32	59.3	24	11.8	6	3.13	13.57	5	5	1	7	2	2	2	2.23	1.82	NA
WGS0859	42	83	21.3	18.7	7	4.74	16.87	7	2	0	3	2	2	2	5.62	3.71	NA
WGS0860	33	89.7	38	9.7	1	5.64	12.92	6	0	0	1	5	3	3	4.25	3.05	NA
WGS0861	27	47.3	23.5	10.8	2	3.18	11.69	5	0	0	1	2	2	2	3.34	2.36	NA
WGS0862	28	70.3	26.7	15.3	2	4.29	13.36	6	0	0	1	5	3	3	6.71	4.2	NA
WGS0863	80	146.3	36.7	43	3	9.12	29.27	12	0	0	1	2	2	2	13.17	5.75	NA
WGS0864	66	129.3	27.3	18.3	1	8.16	29.35	11	0	0	1	2	2	2	12.37	8.65	NA
WGS0865	80	153	34.7	40	3	7.61	24.81	11	0	0	1	2	2	2	8.34	4.38	NA
WGS0866	NA	167	25	28.3	1	8.71	36.8	14	0	0	1	4	3	2	24.15	14.48	NA
WGS0867	56	146	34	24.3	2	6.14	19.7	11	2	0	3	4	3	3	11.92	9.31	NA
WGS0868	61	131.7	22.7	14	7	5.31	16.76	10	3	0	4	2	2	2	5.48	3.64	NA
WGS0869	55	115	21	16	7	5.08	15.05	9	2	0	3	2	2	2	5.49	3.99	NA
WGS0870	57	119	25.7	16.7	4	6.81	22.7	10	0	0	1	5	3	3	8.01	5.01	NA
WGS0871	49	116.7	26.7	16.7	6	5.3	17.7	9	2	0	3	2	2	2	7.15	5.44	NA
WGS0872	55	118.7	29	15.7	8	5.83	17.17	9	2	0	3	4	3	3	5.91	4.57	NA
WGS0873	53	115.7	27	11	3	5.76	18.05	9	3	0	4	2	2	2	6.35	4.83	NA
WGS0874	54	93.7	23	13	7	4.85	13.65	8	2	0	3	2	2	2	3.76	2.78	NA
WGS0875	44	101	29.3	17	4	5.48	23.11	9	2	0	3	2	2	2	10.86	8.3	NA
WGS0876	28	61.3	24	7.5	4	2.78	11.12	5	2	4	8	5	3	3	1.72	1.52	NA
WGS0877	35	74.7	31.7	11	1	4.72	17.47	7	0	0	1	5	3	2	8.57	6.52	NA
WGS0878	36	81.3	39	14.7	3	5.05	15.26	5	0	0	1	2	2	2	9.48	7.18	NA
WGS0879	37	61.7	27.7	15.5	4	3.79	13.66	5	3	0	4	3	2	2	4.44	3.31	NA
WGS0880	32	61	28	12	4	4.8	13.5	4	3	0	4	4	3	3	5.06	3.99	NA
WGS0881	38	77.3	34.7	12.3	1	4.65	17.74	7	0	0	1	5	3	3	5.51	4.09	NA
WGS0882	45	87	31	15	3	6.4	21.45	9	0	0	1	4	3	3	11.78	8.74	NA
WGS0883	47	72.3	24.3	13	4	5.03	21.11	9	0	0	1	2	2	2	6.87	4.9	NA
WGS0884	27	55.3	25.7	8.7	1	3.92	15.9	5	0	0	1	5	3	3	4.2	2.89	NA
WGS0885	41	80.7	33.7	12	2	3.93	16.21	8	1	0	2	5	3	2	8.59	6.34	NA
WGS0886	48	64.7	21.3	14.7	7	6.04	23.56	7	0	0	1	3	2	2	11.69	8.51	NA
WGS0887	41	65.3	24	11.9	1	5.4	22.32	7	0	0	1	5	3	3	10.79	8.38	NA
WGS0888	43	73.3	21.7	14.8	1	5.36	20.33	9	0	0	1	2	2	2	11.04	8.95	NA
WGS0889	33	72.3	29	11.5	4	4.37	23.81	8	0	0	1	3	3	2	10.55	7.61	NA
WGS0890	43	77	23.7	14.3	1	5.58	22.07	8	1	0	2	2	2	2	9.43	6.09	NA
WGS0891	32	83.3	40.7	11.3	1	4.86	15.18	5	0	0	1	5	3	2	4.09	3.25	NA
WGS0892	26	43.7	16.3	6	1	2.58	10.71	3	2	2	5	2	2	3	1.3	1.05	NA
WGS0893	30	44.7	25	9.2	1	3.34	18.99	4	0	3	4	2	2	2	4.55	3.21	NA
WGS0894	44	77.3	24.7	13.8	1	4.46	20.88	8	0	0	1	2	2	2	7.83	5.27	NA
WGS0895	45	71.3	25.3	21.5	3	7.48	21.07	7	1	0	2	2	2	3	16.89	12.55	NA
WGS0896	NA	64	25.3	11.9	1	4.7	16.23	8	1	0	2	2	2	2	7.33	6.56	NA
WGS0897	40	85	33.7	15	1	5.45	20.24	7	0	0	1	2	2	2	12.5	11.61	NA
WGS0898	41	91.7	26.3	14.3	1	5.26	17.1	8	0	0	1	2	2	2	10.84	8.59	NA
WGS0899	NA	54.3	21	19.3	2	7.51	28.62	7	0	0	1	2	2	2	17.88	13.11	NA
WGS0900	NA	51	31.3	5	4	2.37	8.33	4	4	5	24	4	3	3	0.68	0.4	NA
WGS0901	37	66.3	34.3	14.3	2	5.48	17.68	6	0	0	1	3	3	3	7.87	5.2	NA
WGS0902	28	70.7	31.7	11	1	4.07	18.06	7	0	0	1	5	3	3	4.34	2.08	NA
WGS0903	NA	64	39	9.5	1	2.86	13.35	6	0	0	1	2	2	2	6.2	3.14	NA
WGS0904	NA	87.3	34	18.3	3	5.79	16.61	7	0	0	1	2	2	2	11.4	8.82	NA
WGS0905	NA	53.3	23.7	7.3	1	3.18	15.31	6	0	0	1	4	3	2	4.66	4.59	NA
WGS0906	NA	62	25	14.8	1	5.47	20.29	6	0	0	1	2	2	3	4.93	3.87	NA
WGS0907	NA	76.7	45	11.7	1	4.76	19.52	6	0	0	1	2	2	2	7.15	5.67	NA
WGS0908	NA	64.7	26.3	15.3	3	4.04	16.86	7	0	0	1	5	3	3	4.58	2.9	NA
WGS0909	NA	70	25.7	17.7	4	4.58	24.34	7	0	0	1	2	2	2	9.89	7.61	NA
WGS0910	NA	77	24	18.6	1	5.83	26.7	8	1	0	2	2	2	2	20.12	16.3	NA
WGS0911	NA	69	30.3	13.8	1	4.48	20.41	5	1	0	2	2	2	2	5.27	3.66	NA
WGS0912	33	62	32	12.5	1	5.24	21.94	6	0	0	1	4	3	3	7.07	5.27	NA
WGS0913	NA	45.3	17	8.2	1	4.33	14.45	7	0	0	1	2	2	2	6.02	4.5	NA
WGS0914	NA	56.3	13.3	9.8	1	6.26	20.71	9	0	0	1	5	3	3	2.83	0.24	NA
WGS0915	38	53	15.7	11.3	1	7.72	34.03	8	0	0	1	2	2	2	13.75	9.39	NA
WGS0916	40	55.3	16	12.7	1	7.24	25.17	8	0	0	1	3	3	2	9.96	6.7	NA
WGS0917	45	72.3	20.3	15.7	1	5.18	17.62	9	0	0	1	2	2	2	10.17	7.96	NA
WGS0918	41	47	21.7	20.7	3	5.38	19.82	7	0	0	1	3	2	2	11.23	7.47	NA
WGS0919	41	50.7	26	18.7	3	3.93	17.36	6	0	0	1	2	2	2	9.93	6.58	NA
WGS0920	41	46.3	21.3	18.4	3	5.04	17.63	7	1	0	2	2	2	2	10.9	7.76	NA
WGS0921	NA	48	22	19.5	3	5.45	18.54	8	0	0	1	2	2	2	9.31	6.55	NA
WGS0922	42	50.3	26.3	19	1	5.18	18.03	6	0	0	1	3	2	2	10.33	8.16	NA
WGS0923	45	24.5	18.2	32.8	1	11.42	13.89	5	0	0	1	3	2	2	7.17	1.76	NA
WGS0924	37	41.2	20	13.2	1	5.48	18.28	6	0	0	1	2	2	2	7.65	5.88	NA
WGS0925	40	57.7	26	17.8	1	8.82	19.33	5	0	0	1	2	2	2	6.69	3.68	NA
WGS0926	30	26	18.5	6.3	1	2.8	12.34	3	2	0	3	2	2	2	2.69	2.02	NA
WGS0927	48	40.5	20.5	10.9	2	5.35	15.53	10	0	0	1	2	2	3	NA	NA	NA
WGS0928	34	37.7	19	11	1	5.03	18.76	5	1	0	2	2	2	2	5.8	4.53	NA
WGS0929	38	51.3	23.7	13.8	1	5.81	16.65	6	0	0	1	2	2	2	7.8	6.5	NA
WGS0930	43	56.3	24.7	12.2	1	5.58	24.33	7	0	0	1	5	3	3	9.33	6.45	NA
WGS0931	43	50	20.7	9.8	1	6.83	21.52	8	1	0	2	5	3	3	10.68	6.7	NA
WGS0932	46	56.7	19.3	15.2	1	7.27	31.76	9	0	0	1	2	2	2	15.89	12.08	NA
WGS0933	49	29.3	15.7	15.7	1	4.07	16.37	8	0	0	1	2	2	3	8.05	6.16	NA
WGS0934	55	51.3	13.3	14.2	1	7.44	24.25	8	1	0	2	2	2	2	4.59	2.9	NA
WGS0935	49	24	11.8	16.2	2	5.67	15.03	7	0	0	1	2	2	3	7.69	6.3	NA
WGS0936	56	66.3	17.3	12.3	1	9.65	29.37	10	2	0	3	4	3	3	17.36	9.49	NA
WGS0937	48	67	17.7	17.5	2	6.66	23.08	9	0	0	1	2	2	2	8.54	5.5	NA
WGS0938	43	57.7	20.7	18	1	7.5	21.67	8	2	0	3	2	2	2	13.92	10.1	NA
WGS0939	49	61.7	18.3	17.3	1	6.35	21.7	7	2	0	3	2	2	2	13.24	9.32	NA
WGS0940	51	67.3	20.3	18.8	1	6.9	24.27	8	1	0	2	2	2	2	16.42	10.47	NA
WGS0941	51	39	15	20.1	3	7.28	23.01	8	1	0	2	2	2	2	11.54	7.58	NA
WGS0942	NA	63	21.2	11.2	2	5.18	15.77	9	0	0	1	2	2	2	6.74	4.23	NA
